(2016,Rk,Player,Pos,Age,Tm,G,MP,PER,TS%,3PAr,FTr,ORB%,DRB%,TRB%,AST%,STL%,BLK%,TOV%,USG%,,OWS,DWS,WS,WS/48,,OBPM,DBPM,BPM,VORP)
(2016,1,Alex Abrines\abrinal01,SG,23,OKC,68,1055,10.1,.560,.724,.144,1.9,7.1,4.5,5.5,1.7,0.6,8.3,15.9,,1.2,0.9,2.1,.096,,-0.3,-2.2,-2.5,-0.1)
(2016,2,Quincy Acy\acyqu01,PF,26,TOT,38,558,11.8,.565,.529,.353,3.9,18.0,11.0,4.9,1.2,2.0,9.7,16.8,,0.5,0.5,0.9,.082,,-1.8,-1.2,-3.0,-0.1)
(2016,2,Quincy Acy\acyqu01,PF,26,DAL,6,48,-1.4,.355,.412,.176,4.6,15.2,9.7,0.0,0.0,0.0,9.8,20.0,,-0.2,0.0,-0.1,-0.133,,-10.1,-6.0,-16.2,-0.2)
(2016,2,Quincy Acy\acyqu01,PF,26,BRK,32,510,13.1,.587,.542,.373,3.8,18.2,11.1,5.4,1.3,2.2,9.6,16.5,,0.6,0.5,1.1,.102,,-1.1,-0.7,-1.8,0.0)
(2016,3,Steven Adams\adamsst01,C,23,OKC,80,2389,16.5,.589,.002,.392,13.0,15.4,14.2,5.4,1.8,2.6,16.0,16.2,,3.3,3.1,6.5,.130,,-0.7,1.2,0.6,1.5)
(2016,4,Arron Afflalo\afflaar01,SG,31,SAC,61,1580,8.9,.559,.360,.221,0.7,8.4,4.6,7.4,0.7,0.3,8.4,14.4,,1.2,0.2,1.4,.043,,-1.4,-2.1,-3.5,-0.6)
(2016,5,Alexis Ajinca\ajincal01,C,28,NOP,39,584,12.9,.529,.022,.225,8.3,23.8,16.0,3.1,1.7,3.1,13.7,17.2,,0.0,0.9,1.0,.080,,-5.1,1.0,-4.1,-0.3)
(2016,6,Cole Aldrich\aldrico01,C,28,MIN,62,531,12.7,.549,.000,.256,11.0,23.9,17.4,6.4,2.4,3.7,15.1,9.4,,0.6,0.7,1.3,.116,,-2.0,2.6,0.6,0.4)
(2016,7,LaMarcus Aldridge\aldrila01,PF,31,SAS,72,2335,18.6,.532,.053,.258,8.5,16.6,12.7,9.9,1.0,3.0,7.7,24.5,,3.5,3.7,7.2,.149,,-0.3,1.3,1.0,1.8)
(2016,8,Lavoy Allen\allenla01,PF,27,IND,61,871,11.6,.485,.006,.196,13.7,14.5,14.1,9.1,1.0,2.4,13.7,10.9,,0.9,0.8,1.7,.093,,-1.5,1.3,-0.3,0.4)
(2016,9,Tony Allen\allento01,SG,35,MEM,71,1914,13.3,.493,.091,.218,9.6,13.8,11.7,8.4,3.1,1.4,13.3,17.9,,0.2,2.9,3.1,.077,,-1.8,2.4,0.6,1.3)
(2016,10,Al-Farouq Aminu\aminual01,PF,26,POR,61,1773,11.3,.506,.455,.292,4.8,23.5,14.1,7.9,1.7,2.0,15.2,15.4,,-0.1,2.0,1.9,.051,,-2.3,1.2,-1.1,0.4)
(2016,11,Chris Andersen\anderch01,C,38,CLE,12,114,11.6,.497,.136,.636,9.0,20.6,15.0,5.9,2.2,5.0,15.1,13.0,,0.1,0.2,0.2,.102,,-3.8,3.0,-0.9,0.0)
(2016,12,Alan Anderson\anderal01,SF,34,LAC,30,308,5.0,.494,.550,.200,1.1,7.4,4.4,4.9,0.5,0.0,7.4,13.7,,0.0,0.1,0.1,.020,,-2.6,-2.3,-4.9,-0.2)
(2016,13,Justin Anderson\anderju01,SF,23,TOT,75,1228,13.9,.537,.442,.294,6.2,16.9,11.4,8.8,1.7,1.6,11.7,20.9,,0.6,1.3,1.9,.074,,-1.2,-0.3,-1.6,0.1)
(2016,13,Justin Anderson\anderju01,SF,23,DAL,51,710,14.7,.521,.440,.318,6.1,18.9,12.2,7.6,2.1,2.0,11.2,23.6,,0.1,0.9,1.0,.067,,-1.8,-0.1,-2.0,0.0)
(2016,13,Justin Anderson\anderju01,SF,23,PHI,24,518,12.8,.564,.444,.253,6.4,14.1,10.2,10.4,1.2,1.1,12.6,17.2,,0.5,0.4,0.9,.084,,-0.4,-0.6,-1.0,0.1)
(2016,14,Kyle Anderson\anderky01,SF,23,SAS,72,1020,12.5,.525,.191,.273,3.7,19.0,11.5,12.4,2.5,2.1,14.3,12.1,,0.7,2.0,2.7,.127,,-2.1,3.7,1.6,0.9)
(2016,15,Ryan Anderson\anderry01,PF,28,HOU,72,2116,13.5,.583,.655,.194,5.8,11.2,8.5,4.7,0.7,0.5,6.2,17.9,,4.0,1.1,5.2,.117,,1.8,-2.6,-0.8,0.6)
(2016,16,Giannis Antetokounmpo\antetgi01,SF,22,MIL,80,2845,26.1,.599,.143,.486,5.9,22.6,14.3,26.6,2.3,4.7,13.3,28.3,,7.9,4.5,12.4,.210,,4.1,3.5,7.6,6.9)
(2016,17,Carmelo Anthony\anthoca01,SF,32,NYK,74,2538,17.9,.535,.303,.263,2.6,16.0,9.3,14.5,1.2,1.1,9.0,29.1,,3.2,1.5,4.7,.089,,1.5,-2.2,-0.7,0.8)
(2016,18,Joel Anthony\anthojo01,C,34,SAS,19,122,11.6,.640,.000,.500,7.6,20.9,14.4,3.4,0.8,4.0,17.0,8.7,,0.1,0.2,0.4,.141,,-3.1,2.5,-0.6,0.0)
(2016,19,Trevor Ariza\arizatr01,SF,31,HOU,80,2773,12.4,.548,.695,.158,2.1,15.9,9.0,8.8,2.5,0.6,7.9,14.1,,2.8,3.2,6.0,.104,,0.7,1.0,1.7,2.6)
(2016,20,Darrell Arthur\arthuda01,PF,28,DEN,41,639,12.8,.583,.544,.102,4.4,14.9,9.7,9.3,1.5,2.5,13.8,17.3,,0.6,0.4,1.1,.081,,0.3,-0.6,-0.3,0.3)
(2016,21,Omer Asik\asikom01,C,30,NOP,31,482,9.8,.517,.000,.600,10.4,25.3,17.8,4.2,0.5,1.7,14.6,8.8,,0.4,0.6,1.0,.100,,-4.3,1.2,-3.1,-0.1)
(2016,22,D.J. Augustin\augusdj01,PG,29,ORL,78,1538,11.0,.524,.530,.311,1.0,7.4,4.1,20.4,1.0,0.1,13.3,19.4,,0.7,0.5,1.2,.038,,-0.9,-3.3,-4.2,-0.9)
(2016,23,Luke Babbitt\babbilu01,SF,27,MIA,68,1065,8.3,.563,.747,.053,1.2,13.5,7.3,4.8,0.9,0.8,8.0,13.0,,0.8,1.0,1.8,.081,,-1.1,-0.9,-1.9,0.0)
(2016,24,Ron Baker\bakerro01,SG,23,NYK,52,857,7.5,.456,.396,.198,1.5,10.8,6.2,17.3,2.0,0.8,19.2,14.8,,-0.6,0.5,-0.1,-0.008,,-3.5,-0.9,-4.4,-0.5)
(2016,25,Wade Baldwin\baldwwa01,PG,20,MEM,33,405,6.5,.404,.191,.322,3.0,10.2,6.5,22.8,2.3,1.7,22.9,19.1,,-0.8,0.5,-0.3,-0.041,,-6.2,0.5,-5.7,-0.4)
(2016,26,Leandro Barbosa\barbole01,SG,34,PHO,67,963,11.5,.509,.250,.115,1.6,10.3,5.9,13.0,1.5,0.7,10.4,20.0,,0.3,0.4,0.6,.031,,-2.0,-2.1,-4.1,-0.5)
(2016,27,J.J. Barea\bareajo01,PG,32,DAL,35,771,17.2,.521,.431,.149,1.3,11.9,6.3,44.2,0.9,0.1,14.7,26.2,,0.8,0.5,1.3,.080,,2.0,-2.6,-0.5,0.3)
(2016,28,Harrison Barnes\barneha02,PF,24,DAL,79,2803,16.3,.541,.173,.220,3.7,13.1,8.2,7.7,1.2,0.5,6.8,25.3,,2.5,2.1,4.6,.078,,-0.7,-1.2,-1.9,0.1)
(2016,29,Matt Barnes\barnema02,SF,36,TOT,74,1777,10.3,.514,.556,.188,4.6,19.7,12.3,15.7,1.3,1.3,17.3,15.6,,0.3,1.7,2.0,.053,,-1.2,0.6,-0.6,0.6)
(2016,29,Matt Barnes\barnema02,SF,36,SAC,54,1367,10.2,.501,.551,.172,4.7,19.9,12.4,16.3,1.3,1.1,16.8,16.4,,-0.1,1.0,1.0,.034,,-1.2,0.3,-1.0,0.4)
(2016,29,Matt Barnes\barnema02,SF,36,GSW,20,410,10.7,.569,.578,.256,4.3,19.1,12.2,13.7,1.4,1.7,19.3,13.1,,0.3,0.6,1.0,.115,,-1.0,1.6,0.6,0.3)
(2016,30,Will Barton\bartowi01,SG,26,DEN,60,1705,15.5,.547,.353,.285,3.8,12.9,8.4,17.7,1.4,1.3,11.5,21.1,,2.5,0.8,3.3,.093,,1.3,-1.0,0.3,1.0)
(2016,31,Brandon Bass\bassbr01,PF,31,LAC,52,577,19.7,.650,.016,.473,8.6,16.2,12.5,5.7,1.2,1.6,11.4,19.7,,1.6,0.6,2.2,.186,,0.1,-0.8,-0.7,0.2)
(2016,32,Nicolas Batum\batumni01,SG,28,CHO,77,2617,15.8,.529,.415,.291,1.9,18.4,10.1,27.7,1.6,1.0,15.0,22.3,,1.7,2.8,4.6,.084,,0.7,0.6,1.2,2.1)
(2016,33,Jerryd Bayless\bayleje01,PG,28,PHI,3,71,8.7,.453,.156,.313,4.6,14.0,9.3,29.4,0.0,0.0,19.8,27.7,,-0.1,0.0,-0.1,-0.067,,-5.2,-2.9,-8.2,-0.1)
(2016,34,Aron Baynes\baynear01,C,30,DET,75,1163,13.1,.570,.000,.337,10.0,21.6,15.6,3.9,0.7,2.8,13.5,14.1,,1.4,1.5,3.0,.123,,-2.9,1.1,-1.8,0.1)
(2016,35,Kent Bazemore\bazemke01,SF,27,ATL,73,1963,11.5,.504,.369,.233,2.6,10.3,6.5,14.2,2.3,2.3,13.6,20.5,,-0.6,2.8,2.1,.052,,-2.0,1.2,-0.8,0.6)
(2016,36,Bradley Beal\bealbr01,SG,23,WAS,77,2684,20.1,.604,.418,.259,2.2,7.8,5.0,16.2,1.5,0.7,9.6,26.5,,6.9,1.6,8.5,.152,,4.5,-2.3,2.2,2.8)
(2016,37,Malik Beasley\beaslma01,SG,20,DEN,22,165,13.7,.536,.384,.137,3.4,8.0,5.7,10.2,2.1,0.0,9.4,22.0,,0.1,0.1,0.2,.057,,-0.5,-3.5,-3.9,-0.1)
(2016,38,Michael Beasley\beaslmi01,PF,28,MIL,56,935,17.8,.584,.106,.259,5.0,18.9,12.0,9.9,1.5,2.5,12.7,25.3,,0.8,1.0,1.8,.092,,-1.7,-1.1,-2.9,-0.2)
(2016,39,Marco Belinelli\belinma01,SG,30,CHO,74,1778,13.3,.566,.460,.273,0.9,10.2,5.5,13.1,1.2,0.4,9.2,19.2,,2.0,1.2,3.2,.087,,0.1,-2.0,-1.9,0.1)
(2016,40,DeAndre' Bembry\bembrde01,SF,22,ATL,38,371,8.8,.481,.184,.163,4.2,13.1,8.7,11.5,1.1,1.2,13.2,14.2,,-0.1,0.4,0.3,.038,,-4.4,0.1,-4.3,-0.2)
(2016,41,Dragan Bender\bendedr01,PF,19,PHO,43,574,5.3,.440,.627,.068,4.2,15.6,9.7,5.5,0.8,3.1,16.2,14.4,,-0.7,0.3,-0.3,-0.029,,-4.0,-0.3,-4.3,-0.3)
(2016,42,Anthony Bennett\bennean01,PF,23,BRK,23,264,14.7,.533,.522,.391,10.2,21.0,15.6,7.1,0.9,0.9,10.0,19.4,,0.3,0.2,0.5,.090,,-0.8,-2.2,-3.0,-0.1)
(2016,43,Ben Bentil\bentibe01,PF,21,DAL,3,10,-17.6,.000,.333,.000,0.0,24.4,11.6,0.0,0.0,0.0,25.0,18.9,,-0.1,0.0,-0.1,-0.473,,-22.4,-4.5,-26.9,-0.1)
(2016,44,Davis Bertans\bertada01,PF,24,SAS,67,808,12.9,.609,.739,.145,3.2,10.4,6.9,8.3,1.3,2.8,11.4,15.7,,1.1,1.2,2.3,.135,,1.2,0.6,1.8,0.8)
(2016,45,Patrick Beverley\beverpa01,SG,28,HOU,67,2058,13.0,.546,.530,.175,5.0,15.8,10.4,18.8,2.3,1.0,14.6,14.1,,2.9,2.4,5.3,.123,,0.8,1.5,2.3,2.3)
(2016,46,Bismack Biyombo\biyombi01,C,24,ORL,81,1793,12.2,.546,.000,.690,9.3,25.6,17.2,6.0,0.7,4.1,17.7,13.2,,0.8,2.1,2.9,.077,,-4.2,2.0,-2.2,-0.1)
(2016,47,Nemanja Bjelica\bjeline01,PF,28,MIN,65,1190,11.0,.526,.497,.171,5.5,18.6,12.0,9.6,1.7,1.4,13.4,16.4,,0.6,0.9,1.5,.059,,-0.7,-0.4,-1.1,0.3)
(2016,48,Tarik Black\blackta01,C,25,LAL,67,1091,15.0,.560,.007,.371,13.9,20.7,17.2,5.3,1.3,3.3,14.5,15.7,,1.5,0.8,2.4,.105,,-1.8,0.2,-1.6,0.1)
(2016,49,Eric Bledsoe\bledser01,PG,27,PHO,66,2176,20.5,.563,.300,.443,2.5,13.8,8.0,31.1,2.0,1.2,15.3,28.1,,4.0,1.4,5.3,.118,,3.7,-0.4,3.3,2.9)
(2016,50,Bojan Bogdanovic\bogdabo02,SF,27,TOT,81,2083,13.5,.585,.464,.288,1.9,12.3,7.2,8.7,0.8,0.3,12.1,22.4,,2.0,0.9,2.9,.067,,-0.1,-2.8,-2.9,-0.5)
(2016,50,Bojan Bogdanovic\bogdabo02,SF,27,BRK,55,1482,13.0,.572,.453,.273,1.7,12.3,7.0,10.1,0.8,0.2,12.0,22.5,,1.0,0.6,1.6,.052,,-0.4,-2.6,-3.0,-0.4)
(2016,50,Bojan Bogdanovic\bogdabo02,SF,27,WAS,26,601,14.7,.617,.491,.325,2.6,12.3,7.5,5.2,0.8,0.6,12.4,22.2,,0.9,0.3,1.3,.103,,0.6,-3.1,-2.6,-0.1)
(2016,51,Andrew Bogut\bogutan01,C,32,TOT,27,583,9.3,.460,.012,.136,10.6,33.9,21.7,12.3,1.2,3.9,33.4,10.4,,-0.3,1.0,0.7,.055,,-5.6,5.3,-0.3,0.3)
(2016,51,Andrew Bogut\bogutan01,C,32,DAL,26,582,9.4,.460,.012,.136,10.7,34.0,21.7,12.3,1.2,3.9,33.4,10.4,,-0.3,1.0,0.7,.055,,-5.6,5.3,-0.3,0.3)
(2016,51,Andrew Bogut\bogutan01,C,32,CLE,1,1,-35.3,,,,0.0,0.0,0.0,0.0,0.0,0.0,,0.0,,0.0,0.0,0.0,.020,,-5.7,0.0,-5.7,0.0)
(2016,52,Joel Bolomboy\bolomjo01,PF,23,UTA,12,53,19.7,.590,.250,.375,9.0,27.6,18.5,6.3,1.0,3.1,9.7,18.2,,0.1,0.1,0.2,.171,,-1.3,0.5,-0.8,0.0)
(2016,53,Devin Booker\bookede01,SG,20,PHO,78,2730,14.6,.531,.283,.308,1.8,8.3,5.0,16.3,1.3,0.6,12.9,28.6,,1.3,0.6,2.0,.035,,0.4,-2.7,-2.3,-0.2)
(2016,54,Trevor Booker\booketr01,PF,29,BRK,71,1754,15.7,.554,.132,.186,8.7,25.5,17.2,12.9,2.0,1.2,16.6,18.7,,1.0,2.2,3.1,.086,,-1.6,1.7,0.1,0.9)
(2016,55,Avery Bradley\bradlav01,SG,26,BOS,55,1835,14.4,.548,.357,.120,4.0,16.2,10.1,11.0,1.8,0.5,9.7,21.9,,1.1,2.0,3.1,.081,,-0.2,-0.4,-0.5,0.7)
(2016,56,Corey Brewer\breweco01,SF,30,TOT,82,1281,9.1,.491,.339,.195,2.7,11.6,7.1,10.7,2.3,1.3,12.7,14.3,,0.0,1.2,1.2,.045,,-2.9,0.2,-2.7,-0.2)
(2016,56,Corey Brewer\breweco01,SF,30,HOU,58,923,7.5,.491,.414,.194,2.5,11.0,6.7,9.0,1.9,1.1,12.7,12.9,,0.0,0.8,0.9,.045,,-3.1,0.0,-3.1,-0.3)
(2016,56,Corey Brewer\breweco01,SF,30,LAL,24,358,13.3,.490,.198,.198,3.2,13.0,7.9,15.0,3.3,1.8,12.6,18.0,,0.0,0.3,0.3,.047,,-2.4,0.7,-1.7,0.0)
(2016,57,Malcolm Brogdon\brogdma01,SG,24,MIL,75,1982,14.9,.555,.304,.198,2.8,9.6,6.3,24.3,2.2,0.5,14.1,18.5,,2.6,1.5,4.1,.100,,0.6,-1.1,-0.5,0.8)
(2016,58,Aaron Brooks\brookaa01,PG,32,IND,65,894,9.5,.507,.427,.133,2.3,6.3,4.3,20.7,1.4,0.9,17.2,19.2,,-0.2,0.5,0.3,.016,,-2.1,-2.5,-4.6,-0.6)
(2016,59,Anthony Brown\brownan02,SF,24,TOT,11,159,7.2,.430,.540,.000,5.3,16.9,11.0,7.6,1.5,0.5,10.7,15.6,,-0.2,0.2,0.0,.001,,-3.8,-0.2,-4.0,-0.1)
(2016,59,Anthony Brown\brownan02,SF,24,NOP,9,143,5.9,.415,.585,.000,4.4,14.8,9.6,5.9,1.7,0.6,10.9,14.2,,-0.2,0.2,0.0,-0.007,,-4.3,0.0,-4.3,-0.1)
(2016,59,Anthony Brown\brownan02,SF,24,ORL,2,16,18.5,.500,.333,.000,13.2,35.0,23.8,23.0,0.0,0.0,10.0,27.5,,0.0,0.0,0.0,.076,,0.9,-1.8,-0.8,0.0)
(2016,60,Bobby Brown\brownbo02,PG,32,HOU,25,123,10.8,.509,.583,.033,0.0,5.3,2.7,17.6,0.4,0.0,7.6,22.7,,0.1,0.0,0.1,.040,,-1.5,-6.1,-7.6,-0.2)
(2016,61,Jaylen Brown\brownja02,SF,20,BOS,78,1341,10.3,.539,.319,.293,3.8,14.4,9.1,7.2,1.3,1.1,12.5,18.1,,0.2,1.3,1.5,.053,,-3.1,-0.9,-4.0,-0.7)
(2016,62,Nicolas Brussino\brussni01,SG,23,DAL,54,521,10.7,.498,.674,.156,5.5,16.2,10.6,13.9,1.7,1.4,14.7,16.0,,0.0,0.6,0.6,.055,,-1.7,0.7,-1.0,0.1)
(2016,63,Reggie Bullock\bullore01,SF,25,DET,31,467,11.7,.538,.570,.055,2.9,12.4,7.5,8.8,1.9,0.5,7.1,13.4,,0.4,0.5,1.0,.101,,-0.4,0.5,0.1,0.2)
(2016,64,Trey Burke\burketr01,PG,24,WAS,57,703,10.8,.532,.275,.114,1.1,6.4,3.8,20.7,0.8,0.6,15.2,19.6,,0.3,0.3,0.5,.036,,-2.3,-3.4,-5.7,-0.7)
(2016,65,Alec Burks\burksal01,SG,25,UTA,42,653,11.6,.501,.306,.315,3.1,17.7,10.6,7.5,1.4,0.6,11.0,22.7,,-0.1,0.9,0.8,.056,,-3.3,-0.9,-4.2,-0.4)
(2016,66,Jimmy Butler\butleji01,SF,27,CHI,76,2809,25.1,.586,.198,.540,4.9,13.2,9.0,24.8,2.6,0.9,9.3,26.5,,10.1,3.8,13.8,.236,,5.8,1.1,6.9,6.3)
(2016,67,Bruno Caboclo\cabocbr01,SF,21,TOR,9,40,14.6,.438,.375,.000,14.2,14.1,14.1,15.1,2.5,2.2,11.1,20.1,,0.0,0.1,0.1,.083,,0.1,0.7,0.8,0.0)
(2016,68,Jose Calderon\caldejo01,PG,35,TOT,41,539,8.9,.506,.478,.090,3.0,12.2,7.5,23.3,1.0,0.2,22.7,14.4,,0.0,0.3,0.3,.023,,-2.9,-1.8,-4.7,-0.4)
(2016,68,Jose Calderon\caldejo01,PG,35,LAL,24,292,9.1,.508,.442,.052,2.9,13.2,7.9,24.7,1.2,0.3,24.8,15.3,,-0.1,0.1,0.0,.000,,-3.0,-2.1,-5.1,-0.2)
(2016,68,Jose Calderon\caldejo01,PG,35,ATL,17,247,8.7,.504,.526,.140,3.2,11.0,7.1,21.6,0.8,0.0,19.9,13.3,,0.1,0.2,0.3,.051,,-2.8,-1.4,-4.2,-0.1)
(2016,69,Kentavious Caldwell-Pope\caldwke01,SG,23,DET,76,2529,12.8,.519,.471,.199,2.3,8.7,5.3,11.2,1.8,0.4,7.9,19.2,,2.0,2.5,4.5,.086,,0.9,0.0,0.9,1.8)
(2016,70,Isaiah Canaan\canaais01,SG,25,CHI,39,592,8.1,.483,.543,.191,1.1,8.1,4.6,9.0,1.9,0.1,10.1,15.4,,0.0,0.6,0.5,.042,,-2.3,-1.1,-3.4,-0.2)
(2016,71,Clint Capela\capelca01,C,22,HOU,65,1551,21.4,.638,.000,.314,12.5,24.5,18.5,6.7,1.1,4.1,12.0,19.9,,3.8,2.1,5.9,.184,,0.0,0.9,0.9,1.1)
(2016,72,DeMarre Carroll\carrode01,SF,30,TOR,72,1882,11.9,.530,.582,.213,3.8,12.7,8.3,5.7,2.2,1.2,8.2,15.6,,1.7,2.1,3.8,.097,,0.7,0.4,1.0,1.4)
(2016,73,Vince Carter\cartevi01,SF,40,MEM,73,1799,11.7,.542,.604,.235,2.2,12.5,7.2,11.5,1.7,1.9,8.5,14.9,,1.9,2.1,4.0,.106,,0.1,0.9,1.0,1.4)
(2016,74,Michael Carter-Williams\cartemi01,PG,25,CHI,45,846,9.9,.437,.209,.252,3.0,16.6,9.8,20.0,2.3,2.2,16.3,20.9,,-1.0,1.3,0.2,.013,,-4.1,1.7,-2.4,-0.1)
(2016,75,Omri Casspi\casspom01,PF,28,TOT,36,643,10.0,.526,.262,.177,4.9,15.2,10.1,8.6,1.8,0.4,14.1,14.4,,0.1,0.4,0.5,.038,,-2.4,-0.6,-3.0,-0.2)
(2016,75,Omri Casspi\casspom01,PF,28,SAC,22,397,11.4,.511,.248,.179,5.9,20.2,13.1,10.1,1.3,0.2,11.9,16.3,,0.1,0.3,0.4,.043,,-2.5,-0.9,-3.4,-0.1)
(2016,75,Omri Casspi\casspom01,PF,28,NOP,1,24,10.0,.667,.444,.000,4.4,4.4,4.4,0.0,0.0,0.0,18.2,20.3,,0.0,0.0,0.0,.015,,-2.5,-5.6,-8.1,0.0)
(2016,75,Omri Casspi\casspom01,PF,28,MIN,13,222,7.5,.542,.263,.211,3.1,7.5,5.3,6.8,3.0,0.8,19.4,10.3,,0.0,0.2,0.1,.032,,-2.3,0.7,-1.6,0.0)
(2016,76,Willie Cauley-Stein\caulewi01,C,23,SAC,75,1421,16.3,.558,.004,.314,7.0,20.4,13.8,9.4,1.9,2.8,11.2,19.7,,1.4,1.5,2.9,.100,,-2.0,0.8,-1.2,0.3)
(2016,77,Tyson Chandler\chandty01,C,34,PHO,47,1298,16.6,.703,.000,.544,12.5,33.2,22.6,3.3,1.2,1.5,18.7,11.2,,2.7,1.3,4.1,.151,,-0.7,0.3,-0.3,0.5)
(2016,78,Wilson Chandler\chandwi01,SF,29,DEN,71,2197,14.9,.545,.347,.207,5.2,17.8,11.6,9.8,1.1,1.1,10.0,22.0,,2.4,1.1,3.5,.077,,0.5,-1.4,-0.9,0.6)
(2016,79,Marquese Chriss\chrisma01,PF,19,PHO,82,1743,12.3,.529,.354,.286,5.8,16.1,10.8,5.2,1.8,3.2,13.2,19.7,,0.3,1.5,1.8,.050,,-1.6,0.0,-1.6,0.2)
(2016,80,Rakeem Christmas\chrisra01,PF,25,IND,29,219,10.4,.529,.000,.674,13.5,15.2,14.4,2.5,0.7,2.4,12.5,13.1,,0.3,0.2,0.5,.099,,-3.0,-1.2,-4.2,-0.1)
(2016,81,Semaj Christon\chrisse01,PG,24,OKC,64,973,5.7,.387,.283,.139,2.2,7.8,4.9,18.1,1.4,0.6,15.4,12.2,,-0.7,0.8,0.1,.006,,-5.1,-1.2,-6.3,-1.1)
(2016,82,Ian Clark\clarkia01,SG,25,GSW,77,1137,13.1,.575,.376,.134,2.3,9.0,5.8,11.2,1.7,0.6,10.7,19.5,,1.0,1.3,2.3,.099,,-0.6,-1.4,-2.0,0.0)
(2016,83,Jordan Clarkson\clarkjo01,SG,24,LAL,82,2397,13.2,.526,.332,.157,2.2,9.3,5.6,14.4,1.8,0.3,12.5,23.3,,0.5,0.7,1.2,.024,,-0.5,-2.3,-2.7,-0.4)
(2016,84,Norris Cole\coleno01,PG,28,OKC,13,125,5.4,.381,.250,.192,0.0,9.8,4.9,16.3,3.1,0.0,11.0,21.5,,-0.2,0.2,-0.1,-0.033,,-6.5,-1.7,-8.2,-0.2)
(2016,85,Darren Collison\collida01,PG,29,SAC,68,2063,15.3,.570,.245,.239,1.3,7.1,4.3,24.5,1.6,0.4,12.6,19.8,,3.1,0.8,3.9,.091,,0.8,-2.3,-1.5,0.3)
(2016,86,Nick Collison\collini01,PF,36,OKC,20,128,12.9,.622,.043,.348,7.8,19.1,13.4,13.2,0.8,1.2,13.1,10.1,,0.3,0.1,0.4,.145,,-1.8,0.0,-1.8,0.0)
(2016,87,Mike Conley\conlemi01,PG,29,MEM,69,2292,23.2,.604,.415,.365,1.5,10.8,6.0,34.5,2.1,0.8,11.8,26.3,,7.5,2.5,10.0,.209,,6.5,-0.8,5.7,4.5)
(2016,88,Pat Connaughton\connapa01,SG,24,POR,39,316,11.8,.645,.458,.125,3.5,14.8,9.1,12.7,0.9,0.5,18.3,13.0,,0.4,0.2,0.6,.090,,-0.9,-1.6,-2.5,0.0)
(2016,89,Quinn Cook\cookqu01,PG,23,TOT,14,188,11.8,.579,.394,.076,0.6,3.6,2.0,22.8,1.1,0.0,16.0,19.6,,0.1,0.1,0.2,.047,,-1.7,-4.2,-5.9,-0.2)
(2016,89,Quinn Cook\cookqu01,PG,23,DAL,5,77,6.9,.522,.560,.080,0.0,4.8,2.3,25.7,0.7,0.0,23.6,20.7,,-0.1,0.0,-0.1,-0.046,,-4.2,-4.5,-8.7,-0.1)
(2016,89,Quinn Cook\cookqu01,PG,23,NOP,9,111,15.3,.614,.293,.073,0.9,2.9,1.9,20.7,1.3,0.0,10.6,18.9,,0.2,0.1,0.3,.110,,0.0,-4.0,-4.0,-0.1)
(2016,90,DeMarcus Cousins\couside01,C,26,TOT,72,2465,25.8,.562,.253,.468,7.0,29.2,18.2,25.8,2.0,3.4,13.5,36.5,,3.9,3.8,7.6,.149,,3.9,2.6,6.6,5.3)
(2016,90,DeMarcus Cousins\couside01,C,26,SAC,55,1891,26.5,.562,.239,.491,7.1,28.3,17.8,27.4,2.0,3.6,13.2,37.5,,3.4,2.6,6.0,.153,,4.5,2.6,7.1,4.3)
(2016,90,DeMarcus Cousins\couside01,C,26,NOP,17,574,23.2,.564,.306,.385,6.8,32.2,19.4,20.6,2.1,2.7,14.4,33.1,,0.5,1.1,1.6,.136,,2.0,2.8,4.8,1.0)
(2016,91,Robert Covington\covinro01,SF,26,PHI,67,2119,13.2,.534,.563,.238,4.8,17.9,11.3,7.5,2.9,2.6,13.9,19.2,,0.0,3.2,3.1,.071,,-0.7,2.0,1.4,1.8)
(2016,92,Allen Crabbe\crabbal01,SG,24,POR,79,2254,11.6,.602,.467,.192,0.9,10.2,5.6,6.1,1.2,0.7,8.1,14.9,,3.1,1.0,4.2,.089,,0.3,-1.3,-1.0,0.6)
(2016,93,Jamal Crawford\crawfja01,SG,36,LAC,82,2157,12.0,.525,.370,.233,0.9,5.7,3.3,15.2,1.4,0.5,12.3,22.7,,0.5,1.4,1.9,.043,,-1.0,-2.1,-3.0,-0.6)
(2016,94,Jordan Crawford\crawfjo02,SG,28,NOP,19,442,17.6,.582,.436,.119,0.9,7.2,4.1,22.7,1.2,0.4,9.8,25.5,,0.6,0.3,0.9,.102,,2.6,-3.0,-0.4,0.2)
(2016,95,Jae Crowder\crowdja01,SF,26,BOS,72,2335,14.9,.613,.547,.301,2.3,17.3,9.9,10.1,1.6,0.8,8.9,17.0,,4.1,2.5,6.7,.137,,1.4,0.2,1.6,2.1)
(2016,96,Dante Cunningham\cunnida01,PF,29,NOP,66,1649,10.2,.586,.504,.075,3.6,14.2,8.9,3.2,1.2,1.4,7.0,10.7,,1.4,1.6,3.0,.088,,-1.3,0.8,-0.5,0.6)
(2016,97,Seth Curry\curryse01,PG,26,DAL,70,2029,15.5,.601,.458,.142,1.4,9.3,5.1,16.0,2.0,0.3,11.0,19.5,,2.9,1.7,4.6,.110,,1.8,-0.4,1.4,1.7)
(2016,98,Stephen Curry\curryst01,PG,28,GSW,79,2638,24.6,.624,.547,.251,2.7,11.4,7.3,31.2,2.6,0.5,13.0,30.1,,8.7,3.9,12.6,.229,,7.8,-0.4,7.3,6.2)
(2016,99,Troy Daniels\danietr01,SG,25,MEM,67,1183,10.4,.531,.717,.109,2.1,7.8,4.8,6.6,0.9,0.3,8.0,21.7,,0.5,0.8,1.3,.051,,0.4,-3.5,-3.1,-0.3)
(2016,100,Anthony Davis\davisan02,C,23,NOP,75,2708,27.5,.580,.088,.424,6.7,27.9,17.2,11.1,1.7,5.1,9.1,32.6,,5.9,5.1,11.0,.195,,1.4,2.3,3.7,3.9)
(2016,101,Deyonta Davis\davisde01,C,20,MEM,36,238,10.6,.528,.000,.383,9.3,19.8,14.4,1.3,0.7,6.8,12.7,12.0,,0.1,0.4,0.5,.097,,-5.4,1.8,-3.7,-0.1)
(2016,102,Ed Davis\davised01,PF,27,POR,46,789,11.5,.563,.000,.570,13.4,20.9,17.1,4.6,0.9,2.2,17.2,12.0,,1.0,0.7,1.7,.104,,-2.2,0.1,-2.1,0.0)
(2016,103,Dewayne Dedmon\dedmode01,C,27,SAS,76,1330,16.0,.645,.000,.359,11.2,30.6,21.1,4.8,1.4,3.7,16.9,12.3,,2.3,3.0,5.2,.189,,-1.6,3.2,1.7,1.2)
(2016,104,Sam Dekker\dekkesa01,PF,22,HOU,77,1419,13.1,.549,.436,.159,7.2,14.6,10.9,7.7,1.3,1.2,8.2,14.9,,1.9,1.2,3.1,.104,,-0.4,-0.6,-1.0,0.3)
(2016,105,Malcolm Delaney\delanma01,PG,27,ATL,73,1248,7.5,.456,.284,.240,0.9,9.8,5.4,23.1,1.5,0.1,18.1,18.3,,-1.2,1.3,0.1,.005,,-4.6,-1.3,-5.9,-1.2)
(2016,106,Matthew Dellavedova\dellama01,PG,26,MIL,76,1986,9.4,.501,.403,.180,1.4,7.1,4.3,25.7,1.4,0.0,18.8,16.3,,0.3,0.9,1.2,.029,,-1.9,-2.8,-4.7,-1.4)
(2016,107,Luol Deng\denglu01,SF,31,LAL,56,1486,10.1,.470,.389,.149,4.5,17.7,10.8,7.0,1.6,1.1,8.7,14.2,,0.1,0.8,0.9,.029,,-2.3,-0.2,-2.5,-0.2)
(2016,108,DeMar DeRozan\derozde01,SG,27,TOR,74,2620,24.0,.552,.080,.419,3.0,13.6,8.3,20.6,1.5,0.4,9.0,34.3,,6.7,2.4,9.0,.166,,2.4,-1.5,0.9,1.9)
(2016,109,Cheick Diallo\diallch01,PF,20,NOP,17,199,16.8,.510,.000,.276,12.1,26.7,19.4,3.2,1.0,2.9,7.6,20.5,,0.2,0.3,0.5,.111,,-4.6,-1.0,-5.6,-0.2)
(2016,110,Boris Diaw\diawbo01,PF,34,UTA,73,1283,9.0,.494,.248,.107,4.3,9.8,7.1,20.3,0.7,0.6,20.3,15.6,,-0.1,1.2,1.1,.041,,-2.7,-0.2,-2.9,-0.3)
(2016,111,Gorgui Dieng\dienggo01,PF,27,MIN,82,2653,14.2,.555,.065,.253,8.1,20.5,14.2,8.6,1.7,3.1,12.7,14.0,,3.2,2.5,5.7,.103,,-0.5,2.2,1.8,2.5)
(2016,112,Spencer Dinwiddie\dinwisp01,PG,23,BRK,59,1334,12.7,.581,.334,.526,2.2,10.7,6.5,20.3,1.6,1.3,15.1,14.1,,1.9,0.9,2.8,.101,,-0.7,-0.2,-0.9,0.4)
(2016,113,Toney Douglas\douglto01,PG,30,MEM,24,394,10.6,.451,.359,.248,3.7,14.3,8.9,22.2,2.4,1.2,13.9,17.4,,0.0,0.5,0.5,.059,,-2.2,1.0,-1.2,0.1)
(2016,114,Goran Dragic\dragigo01,PG,30,MIA,73,2459,19.8,.575,.257,.335,2.8,9.9,6.3,29.0,1.8,0.4,14.1,27.1,,5.0,2.6,7.5,.147,,3.4,-0.7,2.7,2.9)
(2016,115,Andre Drummond\drumman01,C,23,DET,81,2409,20.9,.518,.008,.390,15.1,36.2,25.2,6.0,2.6,3.1,12.5,22.4,,1.4,5.3,6.7,.133,,-2.1,2.9,0.9,1.8)
(2016,116,Jared Dudley\dudleja01,PF,31,PHO,64,1362,10.6,.579,.587,.188,2.4,15.9,9.0,12.5,1.5,0.9,16.3,13.8,,1.1,0.7,1.8,.064,,-0.1,-0.1,-0.3,0.6)
(2016,117,Mike Dunleavy\dunlemi02,SF,36,TOT,53,841,10.1,.573,.609,.205,2.4,12.4,7.5,8.6,0.9,0.7,10.5,14.0,,0.8,0.7,1.5,.086,,-1.0,-1.2,-2.2,0.0)
(2016,117,Mike Dunleavy\dunlemi02,SF,36,CLE,23,366,7.6,.539,.633,.211,1.6,12.3,7.1,7.5,0.8,0.4,12.5,13.7,,0.1,0.2,0.3,.041,,-2.1,-1.7,-3.7,-0.2)
(2016,117,Mike Dunleavy\dunlemi02,SF,36,ATL,30,475,11.9,.597,.592,.200,3.1,12.5,7.9,9.5,0.9,0.9,9.0,14.3,,0.7,0.5,1.2,.120,,-0.2,-0.8,-1.0,0.1)
(2016,118,Kris Dunn\dunnkr01,PG,22,MIN,78,1333,8.1,.432,.233,.188,2.1,12.6,7.3,19.4,3.0,2.3,20.8,14.2,,-1.2,1.3,0.1,.004,,-3.7,1.5,-2.2,-0.1)
(2016,119,Kevin Durant\duranke01,PF,28,GSW,62,2070,27.6,.651,.304,.374,2.2,23.6,13.6,23.1,1.5,3.8,10.4,27.8,,8.0,4.0,12.0,.278,,5.4,2.6,8.0,5.2)
(2016,120,Jarell Eddie\eddieja01,SF,25,PHO,5,62,9.7,.523,.842,.474,1.7,10.8,6.1,0.0,0.8,0.0,4.2,16.2,,0.1,0.0,0.1,.054,,-1.5,-5.9,-7.3,-0.1)
(2016,121,Henry Ellenson\ellenhe01,PF,20,DET,19,146,7.5,.444,.547,.125,5.8,25.6,15.3,7.2,0.3,0.6,17.2,24.7,,-0.4,0.2,-0.2,-0.071,,-5.8,-2.4,-8.2,-0.2)
(2016,122,Wayne Ellington\ellinwa01,SG,29,MIA,62,1500,12.6,.565,.710,.077,1.3,8.5,4.9,7.1,1.2,0.2,5.0,17.9,,2.1,1.2,3.3,.105,,1.8,-1.9,-0.2,0.7)
(2016,123,Monta Ellis\ellismo01,SG,31,IND,74,1998,9.9,.514,.242,.230,1.1,10.3,5.7,17.2,2.0,1.2,18.0,16.8,,-0.7,1.7,1.1,.026,,-2.5,0.2,-2.3,-0.2)
(2016,124,Joel Embiid\embiijo01,C,22,PHI,31,786,24.1,.584,.228,.569,8.5,25.6,17.0,16.0,1.7,7.7,17.9,36.0,,0.5,1.5,1.9,.117,,0.0,3.2,3.1,1.0)
(2016,125,James Ennis\ennisja01,SF,26,MEM,64,1501,10.6,.581,.427,.343,5.1,14.9,9.9,6.5,1.6,1.2,13.8,13.0,,1.4,1.7,3.1,.101,,-1.0,1.0,0.0,0.8)
(2016,126,Tyler Ennis\ennisty01,PG,22,TOT,53,588,10.9,.521,.337,.120,1.6,6.8,4.2,21.7,2.1,0.3,17.0,19.1,,0.1,0.3,0.4,.031,,-2.2,-2.8,-4.9,-0.4)
(2016,126,Tyler Ennis\ennisty01,PG,22,HOU,31,196,4.0,.444,.250,.047,2.2,8.4,5.3,24.5,1.5,0.0,26.9,19.3,,-0.4,0.1,-0.2,-0.061,,-6.8,-2.7,-9.5,-0.4)
(2016,126,Tyler Ennis\ennisty01,PG,22,LAL,22,392,14.3,.553,.375,.153,1.3,6.1,3.6,20.3,2.4,0.4,12.0,19.0,,0.5,0.1,0.6,.077,,0.1,-2.8,-2.7,-0.1)
(2016,127,Tyreke Evans\evansty01,SF,27,TOT,40,788,15.5,.501,.319,.249,1.8,17.2,9.5,25.9,2.2,1.0,12.9,26.7,,-0.2,0.9,0.7,.045,,-0.7,-0.1,-0.9,0.2)
(2016,127,Tyreke Evans\evansty01,SF,27,NOP,26,474,15.8,.491,.308,.256,1.3,17.9,9.6,31.3,2.4,0.7,13.4,27.2,,-0.1,0.7,0.5,.053,,-0.6,0.5,0.0,0.2)
(2016,127,Tyreke Evans\evansty01,SF,27,SAC,14,314,14.9,.516,.336,.238,2.6,16.0,9.4,17.7,1.9,1.5,12.2,26.0,,0.0,0.3,0.2,.034,,-1.0,-1.2,-2.2,0.0)
(2016,128,Dante Exum\exumda01,PG,21,UTA,66,1228,8.5,.521,.410,.201,2.9,9.3,6.2,14.1,0.9,0.8,16.8,18.1,,-0.1,1.3,1.2,.046,,-2.0,-0.5,-2.5,-0.1)
(2016,129,Kenneth Faried\farieke01,PF,27,DEN,61,1296,20.3,.588,.014,.454,15.8,23.6,19.7,6.3,1.6,2.4,10.6,18.3,,3.3,1.2,4.5,.168,,0.9,-0.1,0.8,0.9)
(2016,130,Jordan Farmar\farmajo01,PG,30,SAC,2,35,14.4,.500,.750,.000,3.3,6.5,5.0,38.6,2.9,0.0,20.0,19.4,,0.0,0.0,0.0,.063,,0.7,-3.7,-3.0,0.0)
(2016,131,Derrick Favors\favorde01,PF,25,UTA,50,1186,15.8,.512,.024,.261,9.2,20.2,14.9,7.9,2.0,2.7,11.4,20.7,,0.5,2.2,2.7,.109,,-2.4,2.3,-0.1,0.6)
(2016,132,Kay Felder\feldeka01,PG,21,CLE,42,386,11.4,.462,.139,.310,0.9,10.5,5.9,22.7,2.3,1.5,14.3,24.2,,-0.3,0.4,0.1,.008,,-4.8,-1.2,-6.0,-0.4)
(2016,133,Cristiano Felicio\feliccr01,C,24,CHI,66,1040,15.3,.603,.000,.421,12.8,19.5,16.1,5.7,1.2,1.3,11.2,12.4,,2.1,1.3,3.4,.158,,-0.6,0.6,0.0,0.5)
(2016,134,Raymond Felton\feltora01,PG,32,LAC,80,1700,10.9,.496,.280,.125,2.2,11.9,7.2,16.3,1.9,1.1,13.3,16.5,,0.2,1.8,1.9,.055,,-1.8,0.8,-1.0,0.4)
(2016,135,Yogi Ferrell\ferreyo01,PG,23,TOT,46,1197,13.1,.533,.447,.226,1.8,9.2,5.3,23.2,1.8,0.7,13.9,19.6,,0.8,1.0,1.8,.072,,-0.1,-0.6,-0.7,0.4)
(2016,135,Yogi Ferrell\ferreyo01,PG,23,BRK,10,151,6.5,.482,.551,.327,2.8,5.5,4.2,16.9,0.6,1.0,20.0,19.9,,-0.2,0.0,-0.2,-0.050,,-4.0,-3.3,-7.3,-0.2)
(2016,135,Yogi Ferrell\ferreyo01,PG,23,DAL,36,1046,14.1,.541,.432,.212,1.7,9.7,5.5,24.1,2.0,0.6,12.9,19.5,,1.0,0.9,2.0,.090,,0.5,-0.3,0.2,0.6)
(2016,136,Dorian Finney-Smith\finnedo01,PF,23,DAL,81,1642,7.7,.486,.574,.183,3.7,12.4,7.9,6.0,1.6,1.4,11.1,11.6,,-0.1,1.5,1.4,.041,,-2.8,1.3,-1.4,0.2)
(2016,137,Bryn Forbes\forbebr01,SG,23,SAS,36,285,5.9,.462,.535,.061,0.8,8.2,4.6,11.7,0.2,0.0,9.8,17.9,,-0.2,0.2,0.1,.014,,-3.2,-2.8,-6.0,-0.3)
(2016,138,Evan Fournier\fournev01,SG,24,ORL,68,2234,13.9,.555,.387,.298,2.1,8.3,5.1,14.8,1.5,0.1,11.8,23.5,,1.7,1.1,2.8,.059,,0.8,-2.2,-1.3,0.4)
(2016,139,Randy Foye\foyera01,SG,33,BRK,69,1284,7.3,.506,.625,.194,0.8,11.9,6.4,15.2,1.3,0.5,18.5,14.4,,-0.6,0.7,0.2,.006,,-3.0,-1.0,-3.9,-0.6)
(2016,140,Tim Frazier\fraziti01,PG,26,NOP,65,1525,12.4,.504,.317,.319,2.3,9.7,6.0,31.4,1.8,0.3,18.0,16.3,,1.0,1.4,2.4,.075,,-1.5,-0.7,-2.2,-0.1)
(2016,141,Channing Frye\fryech01,C,33,CLE,74,1398,15.6,.612,.644,.142,3.0,19.3,11.4,4.9,1.2,2.1,8.8,19.3,,2.3,1.4,3.7,.125,,0.8,-1.5,-0.6,0.5)
(2016,142,Danilo Gallinari\gallida01,SF,28,DEN,63,2134,17.4,.622,.432,.516,2.0,14.7,8.4,9.1,0.9,0.5,8.2,20.0,,6.2,0.7,6.8,.154,,2.9,-2.1,0.8,1.5)
(2016,143,Langston Galloway\gallola01,PG,25,TOT,74,1495,10.4,.510,.565,.117,2.0,9.3,5.6,9.4,1.5,0.3,7.4,18.4,,0.2,1.1,1.3,.040,,-0.9,-1.7,-2.6,-0.2)
(2016,143,Langston Galloway\gallola01,PG,25,NOP,55,1120,11.2,.508,.608,.118,1.9,9.6,5.7,8.8,1.7,0.4,5.7,19.5,,0.2,1.0,1.2,.052,,-0.3,-1.4,-1.8,0.1)
(2016,143,Langston Galloway\gallola01,PG,25,SAC,19,375,8.0,.522,.385,.115,2.2,8.5,5.4,11.2,0.8,0.2,14.1,15.4,,0.0,0.1,0.1,.007,,-2.5,-2.4,-5.0,-0.3)
(2016,144,Patricio Garino\garinpa01,SG,23,ORL,5,43,-9.2,.000,.714,.000,2.5,15.6,8.9,0.0,0.0,0.0,30.0,10.2,,-0.2,0.0,-0.2,-0.250,,-14.1,-3.3,-17.3,-0.2)
(2016,145,Marc Gasol\gasolma01,C,32,MEM,74,2531,20.3,.554,.231,.286,2.6,18.8,10.5,24.8,1.4,3.7,11.3,26.4,,4.2,3.5,7.7,.145,,2.1,2.2,4.2,4.0)
(2016,146,Pau Gasol\gasolpa01,C,36,SAS,64,1627,20.2,.578,.172,.305,7.6,26.8,17.4,14.7,0.8,3.5,10.6,21.3,,3.3,3.1,6.4,.190,,0.9,2.8,3.7,2.4)
(2016,147,Rudy Gay\gayru01,SF,30,SAC,30,1013,17.9,.559,.256,.312,4.0,17.5,10.8,14.1,2.2,2.3,12.8,25.8,,0.8,1.0,1.8,.087,,0.3,0.4,0.7,0.7)
(2016,148,Michael Gbinije\gbinimi01,SG,24,DET,9,32,-2.1,.184,.400,.200,6.6,3.5,5.1,7.9,0.0,0.0,0.0,15.0,,-0.1,0.0,-0.1,-0.136,,-7.7,-2.8,-10.5,-0.1)
(2016,149,Alonzo Gee\geeal01,SF,29,DEN,13,89,3.1,.306,.214,.643,5.0,13.5,9.3,8.2,2.7,0.9,18.2,10.5,,-0.1,0.1,-0.1,-0.032,,-5.6,1.0,-4.6,-0.1)
(2016,150,Paul George\georgpa01,SF,26,IND,75,2689,20.2,.587,.368,.277,2.5,17.9,10.3,16.1,2.2,0.9,12.7,28.9,,3.9,3.1,7.1,.126,,3.1,-0.3,2.8,3.2)
(2016,151,Marcus Georges-Hunt\georgma01,SG,22,ORL,5,48,10.2,.614,.286,1.429,2.2,18.7,10.2,8.3,1.0,0.0,14.9,12.3,,0.1,0.0,0.1,.107,,-3.4,-1.3,-4.7,0.0)
(2016,152,Jonathan Gibson\gibsojo01,PG,29,DAL,17,231,9.5,.492,.474,.305,0.5,11.1,5.5,18.8,1.8,0.0,16.3,26.3,,-0.3,0.2,-0.1,-0.030,,-3.3,-2.2,-5.5,-0.2)
(2016,153,Taj Gibson\gibsota01,PF,31,TOT,78,1989,15.0,.543,.018,.223,8.6,17.9,13.2,5.9,1.0,2.6,11.9,19.3,,1.6,2.5,4.0,.097,,-2.4,0.3,-2.1,-0.1)
(2016,153,Taj Gibson\gibsota01,PF,31,CHI,55,1502,15.4,.549,.023,.225,8.5,19.0,13.7,6.5,0.9,2.6,11.7,19.2,,1.4,1.9,3.3,.104,,-2.0,0.6,-1.3,0.3)
(2016,153,Taj Gibson\gibsota01,PF,31,OKC,23,487,13.8,.528,.006,.218,8.6,14.8,11.7,4.2,1.4,2.5,12.5,19.5,,0.2,0.6,0.8,.076,,-3.9,-0.7,-4.6,-0.3)
(2016,154,Manu Ginobili\ginobma01,SG,39,SAS,69,1291,13.9,.532,.517,.244,2.5,11.1,6.9,20.8,3.2,1.0,16.5,20.4,,0.6,2.4,3.0,.110,,0.5,1.4,1.9,1.3)
(2016,155,Rudy Gobert\goberru01,C,24,UTA,81,2744,23.3,.681,.002,.762,13.6,29.5,21.8,5.7,0.9,6.4,15.0,16.7,,8.3,6.0,14.3,.250,,1.4,4.5,5.8,5.4)
(2016,156,Archie Goodwin\goodwar01,SG,22,TOT,15,214,18.7,.651,.227,.636,3.5,10.3,6.9,18.5,0.9,1.8,14.2,19.8,,0.6,0.1,0.7,.153,,0.6,-1.7,-1.1,0.0)
(2016,156,Archie Goodwin\goodwar01,SG,22,NOP,3,30,19.7,.798,.400,2.000,0.0,0.0,0.0,4.5,0.0,2.7,0.0,13.9,,0.2,0.0,0.2,.291,,2.2,-3.7,-1.5,0.0)
(2016,156,Archie Goodwin\goodwar01,SG,22,BRK,12,184,18.6,.633,.213,.525,4.1,11.9,8.1,20.8,1.0,1.6,15.7,20.7,,0.4,0.1,0.5,.131,,0.3,-1.4,-1.0,0.0)
(2016,157,Aaron Gordon\gordoaa01,SF,21,ORL,80,2298,14.5,.530,.309,.251,5.3,14.1,9.6,10.5,1.4,1.4,8.5,20.1,,2.0,1.7,3.7,.077,,-0.2,-0.4,-0.7,0.8)
(2016,158,Eric Gordon\gordoer01,SG,28,HOU,75,2323,13.2,.557,.651,.172,1.4,8.1,4.7,12.3,1.0,1.4,10.0,22.1,,2.5,1.4,3.8,.079,,1.0,-2.4,-1.4,0.4)
(2016,159,Marcin Gortat\gortama01,C,32,WAS,82,2556,15.4,.593,.003,.236,10.6,26.8,18.7,6.8,0.8,2.0,13.8,14.7,,3.9,2.9,6.8,.127,,-0.9,1.2,0.3,1.5)
(2016,160,Treveon Graham\grahatr01,SG,23,CHO,27,189,10.6,.612,.375,.375,2.9,10.0,6.4,4.7,1.6,0.5,6.0,11.8,,0.3,0.2,0.4,.108,,-1.5,-1.3,-2.8,0.0)
(2016,161,Jerami Grant\grantje01,PF,22,TOT,80,1531,10.1,.556,.354,.448,2.7,12.1,7.4,4.2,1.1,4.1,10.1,12.1,,1.1,1.8,2.9,.091,,-3.0,0.9,-2.1,0.0)
(2016,161,Jerami Grant\grantje01,PF,22,PHI,2,41,3.0,.390,.118,.471,0.0,16.2,8.1,0.0,0.0,7.7,12.8,24.9,,-0.2,0.0,-0.1,-0.144,,-13.7,-2.5,-16.2,-0.1)
(2016,161,Jerami Grant\grantje01,PF,22,OKC,78,1490,10.3,.566,.367,.447,2.8,12.0,7.4,4.3,1.1,4.0,9.9,11.8,,1.3,1.7,3.0,.098,,-2.7,1.0,-1.7,0.1)
(2016,162,Jerian Grant\grantje02,PG,24,CHI,63,1028,13.2,.555,.445,.243,1.8,9.9,5.8,17.4,2.3,0.6,11.7,16.0,,1.4,1.2,2.5,.119,,0.0,-0.3,-0.3,0.4)
(2016,163,Danny Green\greenda02,SG,29,SAS,68,1807,10.1,.537,.693,.071,2.0,11.8,7.0,9.6,2.0,2.6,14.1,13.5,,0.4,3.0,3.4,.090,,-0.3,2.7,2.4,2.0)
(2016,164,Draymond Green\greendr01,PF,26,GSW,76,2471,16.5,.522,.405,.328,4.7,20.9,13.3,27.6,3.0,3.4,19.8,16.2,,2.8,5.4,8.2,.160,,0.5,5.0,5.4,4.6)
(2016,165,Gerald Green\greenge01,SF,31,BOS,47,538,11.9,.524,.478,.177,3.3,13.9,8.7,9.8,0.8,1.1,9.1,22.7,,0.1,0.4,0.6,.050,,-2.0,-2.8,-4.7,-0.4)
(2016,166,JaMychal Green\greenja01,PF,26,MEM,77,2101,13.5,.601,.290,.334,8.8,21.1,14.8,6.3,1.2,1.5,14.1,14.4,,3.2,2.6,5.8,.132,,-0.4,1.1,0.7,1.4)
(2016,167,Jeff Green\greenje02,PF,30,ORL,69,1534,10.5,.505,.346,.301,2.7,12.8,7.6,8.1,1.2,0.7,10.6,20.3,,-0.2,0.9,0.7,.022,,-2.8,-1.8,-4.6,-1.0)
(2016,168,Blake Griffin\griffbl01,PF,27,LAC,61,2076,22.6,.569,.116,.434,6.2,20.2,13.4,24.5,1.4,0.9,10.9,28.0,,5.4,2.4,7.7,.179,,3.2,1.3,4.4,3.4)
(2016,169,Justin Hamilton\hamilju01,C,26,BRK,64,1177,13.6,.550,.475,.137,6.5,17.0,11.8,7.3,1.2,2.8,9.7,16.2,,1.0,1.0,2.1,.084,,-0.9,0.2,-0.8,0.4)
(2016,170,A.J. Hammons\hammoaj01,C,24,DAL,22,163,8.4,.472,.238,.476,5.4,21.0,12.8,3.8,0.3,7.2,16.4,17.6,,-0.2,0.2,0.0,-0.001,,-7.5,2.0,-5.6,-0.1)
(2016,171,Tim Hardaway\hardati02,SG,24,ATL,79,2154,15.2,.568,.457,.235,1.8,9.5,5.7,14.3,1.3,0.6,9.5,22.5,,2.7,2.1,4.8,.107,,1.3,-1.5,-0.3,0.9)
(2016,172,James Harden\hardeja01,PG,27,HOU,81,2947,27.4,.613,.493,.575,3.5,20.9,12.2,50.7,2.0,1.0,19.5,34.2,,11.5,3.6,15.0,.245,,8.7,1.5,10.1,9.0)
(2016,173,Maurice Harkless\harklma01,SF,23,POR,77,2223,13.1,.570,.311,.199,6.2,10.8,8.5,5.9,1.9,2.5,11.2,15.2,,2.3,1.9,4.2,.091,,0.0,0.7,0.7,1.5)
(2016,174,Justin Harper\harpeju01,PF,27,PHI,3,31,4.9,.500,.583,.000,7.1,10.7,8.9,10.5,0.0,0.0,25.0,22.4,,-0.1,0.0,-0.1,-0.103,,-5.1,-3.8,-8.9,-0.1)
(2016,175,Montrezl Harrell\harremo01,C,23,HOU,58,1064,19.2,.662,.020,.351,8.3,14.2,11.2,9.6,0.9,3.2,9.9,17.6,,3.1,1.0,4.1,.183,,0.8,0.2,0.9,0.8)
(2016,176,Devin Harris\harride01,PG,33,DAL,65,1087,13.8,.549,.519,.378,1.1,13.0,6.8,20.0,2.1,0.6,12.5,19.7,,1.1,1.1,2.2,.096,,-0.1,-0.3,-0.4,0.4)
(2016,177,Gary Harris\harriga01,SG,22,DEN,57,1782,16.5,.611,.400,.210,3.0,8.0,5.5,13.6,1.9,0.3,9.8,18.4,,3.9,0.7,4.6,.124,,3.1,-1.6,1.5,1.6)
(2016,178,Joe Harris\harrijo01,SG,25,BRK,52,1138,9.0,.558,.610,.135,1.5,12.0,6.8,7.3,1.2,0.5,12.5,16.5,,0.1,0.6,0.8,.032,,-1.4,-1.5,-3.0,-0.3)
(2016,179,Manny Harris\harrima01,SG,27,DAL,4,25,-2.2,.239,.133,.267,13.3,29.3,20.9,12.7,0.0,0.0,10.7,35.4,,-0.2,0.0,-0.2,-0.364,,-15.1,-3.8,-18.8,-0.1)
(2016,180,Tobias Harris\harrito02,PF,24,DET,82,2567,16.9,.568,.295,.213,2.6,15.6,8.8,8.8,1.2,1.3,7.6,21.7,,4.0,2.8,6.8,.128,,1.0,0.1,1.2,2.0)
(2016,181,Aaron Harrison\harriaa01,SG,22,CHO,5,17,-2.2,.102,.500,.500,0.0,19.5,9.7,22.6,0.0,0.0,0.0,12.9,,-0.1,0.0,-0.1,-0.146,,-9.6,-2.1,-11.6,0.0)
(2016,182,Andrew Harrison\harrian01,PG,22,MEM,72,1474,8.7,.477,.433,.539,1.7,9.0,5.3,20.0,1.9,1.4,16.0,16.4,,0.0,1.5,1.6,.051,,-2.4,0.0,-2.4,-0.2)
(2016,183,Udonis Haslem\hasleud01,C,36,MIA,16,130,8.8,.524,.130,.652,6.7,24.1,15.3,6.4,2.3,0.6,21.3,12.8,,0.0,0.2,0.2,.074,,-4.7,1.5,-3.2,0.0)
(2016,184,Spencer Hawes\hawessp01,PF,28,TOT,54,797,15.6,.562,.292,.188,5.3,21.5,13.4,16.5,0.9,3.3,14.0,19.8,,0.7,1.0,1.7,.102,,-1.2,0.8,-0.5,0.3)
(2016,184,Spencer Hawes\hawessp01,PF,28,CHO,35,626,14.8,.545,.252,.156,5.6,20.1,12.8,16.1,1.0,3.6,14.7,19.6,,0.3,0.8,1.1,.086,,-1.8,1.2,-0.6,0.2)
(2016,184,Spencer Hawes\hawessp01,PF,28,MIL,19,171,18.6,.620,.441,.305,4.1,26.3,15.3,17.7,0.6,2.1,11.9,20.3,,0.4,0.2,0.6,.160,,1.0,-1.0,0.0,0.1)
(2016,185,Gordon Hayward\haywago01,SF,26,UTA,73,2516,22.2,.595,.324,.371,2.3,15.4,9.0,18.2,1.5,0.6,9.4,27.6,,7.1,3.3,10.4,.199,,4.2,0.0,4.2,4.0)
(2016,186,Gerald Henderson\hendege02,SG,29,PHI,72,1667,10.8,.529,.313,.298,2.2,10.0,6.1,10.5,1.2,0.7,9.0,17.9,,1.0,1.0,2.0,.059,,-1.8,-1.3,-3.1,-0.5)
(2016,187,John Henson\hensojo01,C,26,MIL,58,1123,15.3,.550,.003,.346,9.6,20.8,15.3,7.7,1.3,6.1,12.7,16.6,,1.2,1.6,2.7,.116,,-2.5,2.5,-0.1,0.6)
(2016,188,Juan Hernangomez\hernaju01,PF,21,DEN,62,842,13.4,.592,.504,.339,5.7,18.7,12.3,4.7,1.7,1.1,10.7,14.6,,1.2,0.6,1.8,.104,,-0.1,-1.2,-1.3,0.1)
(2016,189,Willy Hernangomez\hernawi01,C,22,NYK,72,1324,19.0,.564,.032,.269,13.8,27.1,20.4,11.5,1.5,2.2,16.1,20.3,,1.8,1.6,3.4,.123,,-0.6,0.6,0.0,0.7)
(2016,190,Mario Hezonja\hezonma01,SF,21,ORL,65,960,7.2,.450,.436,.152,2.2,14.7,8.3,9.6,1.5,1.3,14.1,18.8,,-1.4,0.8,-0.7,-0.033,,-4.8,-0.9,-5.7,-0.9)
(2016,191,Roy Hibbert\hibbero01,C,30,TOT,48,682,13.5,.614,.000,.510,8.7,15.9,12.3,4.6,0.6,5.9,15.1,14.0,,1.0,0.8,1.8,.129,,-2.9,1.8,-1.1,0.2)
(2016,191,Roy Hibbert\hibbero01,C,30,CHO,42,671,13.5,.613,.000,.521,8.6,16.0,12.3,4.5,0.6,5.8,14.9,14.0,,1.0,0.8,1.8,.129,,-2.9,1.8,-1.1,0.1)
(2016,191,Roy Hibbert\hibbero01,C,30,DEN,6,11,16.3,.667,.000,.000,10.1,10.0,10.0,13.5,0.0,14.1,25.0,15.5,,0.0,0.0,0.0,.119,,-1.9,5.1,3.2,0.0)
(2016,192,Buddy Hield\hieldbu01,SG,24,TOT,82,1888,11.8,.541,.494,.099,2.0,13.5,7.8,10.3,1.0,0.4,11.2,21.3,,0.0,1.3,1.3,.032,,-0.9,-1.9,-2.7,-0.4)
(2016,192,Buddy Hield\hieldbu01,SG,24,NOP,57,1161,9.9,.503,.512,.070,1.7,13.4,7.5,10.3,0.8,0.5,9.0,20.4,,-0.4,0.9,0.5,.020,,-1.9,-1.6,-3.5,-0.4)
(2016,192,Buddy Hield\hieldbu01,SG,24,SAC,25,727,14.9,.600,.466,.145,2.6,13.7,8.2,10.3,1.4,0.3,14.4,22.9,,0.4,0.4,0.8,.053,,0.7,-2.2,-1.5,0.1)
(2016,193,Nene Hilario\hilarne01,C,34,HOU,67,1198,18.9,.630,.023,.496,8.6,17.0,12.8,8.6,2.2,2.6,13.1,19.7,,2.5,1.6,4.1,.165,,-0.4,0.8,0.5,0.7)
(2016,194,George Hill\hillge01,PG,30,UTA,49,1544,19.3,.599,.384,.323,1.8,10.5,6.2,22.8,1.7,0.6,10.9,23.5,,4.0,1.9,5.9,.182,,3.9,-0.2,3.6,2.2)
(2016,195,Jordan Hill\hilljo01,C,29,MIN,7,47,5.5,.432,.000,.154,19.6,15.1,17.4,0.0,1.1,0.0,22.4,16.8,,-0.1,0.0,0.0,-0.033,,-6.7,-6.2,-12.9,-0.1)
(2016,196,Solomon Hill\hillso01,SF,25,NOP,80,2374,8.0,.527,.565,.268,2.3,11.4,6.8,8.1,1.5,1.1,13.3,11.5,,0.4,2.3,2.7,.055,,-1.8,1.5,-0.3,1.0)
(2016,197,Darrun Hilliard\hillida01,SG,23,DET,39,381,5.9,.459,.365,.222,0.6,9.2,4.7,12.3,1.5,0.4,16.8,19.3,,-0.6,0.4,-0.2,-0.027,,-5.0,-1.1,-6.1,-0.4)
(2016,198,Jrue Holiday\holidjr01,PG,26,NOP,67,2190,17.1,.532,.315,.188,2.2,10.6,6.4,35.9,2.2,1.6,16.7,23.5,,1.3,2.6,3.8,.084,,1.2,0.5,1.7,2.0)
(2016,199,Justin Holiday\holidju01,SG,27,NYK,82,1639,12.7,.549,.507,.149,1.8,13.1,7.4,9.2,2.0,1.5,10.3,16.9,,1.3,1.2,2.5,.073,,-0.3,-0.8,-1.1,0.4)
(2016,200,Rondae Hollis-Jefferson\holliro01,SF,22,BRK,78,1761,13.7,.517,.124,.467,5.8,21.1,13.6,13.4,2.2,1.9,15.1,18.7,,0.4,2.2,2.6,.070,,-2.9,1.9,-1.0,0.4)
(2016,201,Richaun Holmes\holmeri01,C,23,PHI,57,1193,18.6,.611,.187,.250,8.7,20.1,14.4,8.3,1.7,3.7,10.7,18.6,,2.2,1.6,3.8,.151,,0.2,1.5,1.7,1.1)
(2016,202,Rodney Hood\hoodro01,SG,24,UTA,59,1593,12.4,.522,.461,.173,1.2,13.1,7.3,10.1,1.3,0.6,8.3,22.9,,0.7,1.9,2.6,.078,,-0.3,-0.9,-1.2,0.3)
(2016,203,Al Horford\horfoal01,C,30,BOS,68,2193,17.7,.553,.302,.169,4.9,18.6,11.8,24.4,1.2,3.2,11.8,19.7,,3.6,2.7,6.3,.138,,1.0,2.0,3.1,2.8)
(2016,204,Danuel House\houseda01,SG,23,WAS,1,1,12.2,,,,0.0,100.0,56.4,0.0,0.0,0.0,,0.0,,0.0,0.0,0.0,.163,,-16.4,-4.4,-20.8,0.0)
(2016,205,Dwight Howard\howardw01,C,31,ATL,74,2199,20.8,.627,.003,.692,15.0,31.7,23.5,7.8,1.4,3.6,17.5,19.2,,3.8,4.5,8.3,.181,,-0.5,2.8,2.3,2.4)
(2016,206,Marcelo Huertas\huertma01,PG,33,LAL,23,237,9.1,.417,.279,.250,0.9,10.5,5.5,30.8,2.1,0.7,20.1,17.0,,-0.2,0.1,-0.1,-0.025,,-4.6,-2.4,-7.0,-0.3)
(2016,207,Josh Huestis\huestjo01,PF,25,OKC,2,31,26.1,.612,.364,.091,14.3,17.9,16.1,15.5,0.0,7.7,0.0,15.7,,0.1,0.0,0.2,.265,,3.9,1.8,5.7,0.1)
(2016,208,Kris Humphries\humphkr01,PF,31,ATL,56,689,13.6,.514,.252,.383,9.7,23.0,16.4,6.4,1.1,2.6,10.1,17.6,,0.6,1.1,1.6,.115,,-3.0,0.3,-2.7,-0.1)
(2016,209,R.J. Hunter\hunterj01,SG,23,CHI,3,9,-3.2,.000,1.000,.000,0.0,12.1,6.0,0.0,0.0,0.0,0.0,4.8,,0.0,0.0,0.0,-0.088,,-9.4,-2.0,-11.4,0.0)
(2016,210,Serge Ibaka\ibakase01,PF,27,TOT,79,2422,16.4,.566,.323,.127,5.7,19.0,12.2,5.2,0.8,4.2,9.2,20.9,,2.5,2.6,5.1,.101,,-0.5,0.1,-0.4,1.0)
(2016,210,Serge Ibaka\ibakase01,PF,27,ORL,56,1710,17.5,.569,.304,.129,6.2,18.5,12.2,5.9,1.0,4.3,8.2,20.8,,2.1,1.7,3.8,.108,,-0.1,0.4,0.3,1.0)
(2016,210,Serge Ibaka\ibakase01,PF,27,TOR,23,712,13.8,.556,.369,.122,4.6,20.1,12.4,3.3,0.5,4.0,11.7,20.9,,0.4,0.8,1.3,.085,,-1.5,-0.5,-2.1,0.0)
(2016,211,Andre Iguodala\iguodan01,SF,33,GSW,76,1998,14.3,.624,.427,.246,3.0,13.1,8.3,16.7,1.8,1.5,11.2,11.2,,4.1,2.9,6.9,.167,,1.3,1.7,3.0,2.5)
(2016,212,Ersan Ilyasova\ilyaser01,PF,29,TOT,82,2142,14.6,.546,.452,.233,5.9,18.8,12.4,11.0,1.3,0.9,10.6,22.2,,1.8,2.3,4.1,.091,,0.3,-0.8,-0.5,0.8)
(2016,212,Ersan Ilyasova\ilyaser01,PF,29,OKC,3,62,6.9,.469,.750,.000,3.6,25.0,14.3,2.2,2.4,1.3,20.0,13.7,,-0.1,0.1,0.0,.012,,-5.8,-0.4,-6.3,-0.1)
(2016,212,Ersan Ilyasova\ilyaser01,PF,29,PHI,53,1447,15.4,.553,.460,.219,5.4,18.5,12.0,11.5,1.1,0.8,9.9,23.6,,1.4,1.3,2.6,.088,,0.9,-1.3,-0.4,0.6)
(2016,212,Ersan Ilyasova\ilyaser01,PF,29,ATL,26,633,13.5,.530,.407,.288,7.4,18.7,13.1,10.6,1.7,1.1,11.8,19.9,,0.5,0.9,1.4,.106,,-0.6,0.5,-0.2,0.3)
(2016,213,Joe Ingles\inglejo01,SF,29,UTA,82,1972,12.4,.604,.619,.151,1.4,13.6,7.6,17.2,2.6,0.3,18.2,13.9,,2.0,3.0,5.0,.123,,0.9,1.8,2.7,2.3)
(2016,214,Brandon Ingram\ingrabr01,SF,19,LAL,79,2279,8.5,.474,.273,.312,2.8,12.7,7.6,10.5,1.1,1.3,12.9,16.8,,-1.0,0.7,-0.3,-0.007,,-3.1,-0.7,-3.8,-1.1)
(2016,215,Kyrie Irving\irvinky01,PG,24,CLE,72,2525,23.0,.580,.311,.231,2.3,7.5,5.0,29.7,1.6,0.8,10.3,30.8,,7.4,1.5,8.9,.170,,4.8,-2.3,2.5,2.9)
(2016,216,Jarrett Jack\jackja01,PG,33,NOP,2,33,7.7,.773,.333,.667,0.0,0.0,0.0,20.3,3.0,0.0,43.6,9.2,,0.0,0.0,0.0,.060,,-5.3,-4.1,-9.3,-0.1)
(2016,217,Demetrius Jackson\jacksde01,PG,22,BOS,5,17,30.8,.753,.250,1.500,13.2,13.0,13.1,28.2,0.0,0.0,0.0,17.3,,0.1,0.0,0.1,.386,,9.2,-2.8,6.3,0.0)
(2016,218,Pierre Jackson\jackspi01,PG,25,DAL,8,84,13.0,.416,.282,.179,1.3,11.6,6.2,38.0,1.2,0.0,6.7,25.3,,0.0,0.1,0.0,.021,,-1.7,-2.7,-4.4,-0.1)
(2016,219,Reggie Jackson\jacksre01,PG,26,DET,52,1424,14.9,.510,.272,.201,1.5,7.4,4.4,30.3,1.2,0.3,13.4,26.4,,0.8,1.2,1.9,.065,,0.6,-2.0,-1.4,0.2)
(2016,220,LeBron James\jamesle01,SF,32,CLE,74,2794,27.0,.619,.254,.395,4.0,20.7,12.6,41.3,1.6,1.3,16.1,30.0,,9.8,3.0,12.9,.221,,6.8,1.6,8.4,7.3)
(2016,221,Al Jefferson\jeffeal01,C,32,IND,66,931,18.9,.526,.002,.180,9.2,24.2,16.8,11.0,1.0,1.5,6.1,26.1,,1.2,1.1,2.3,.119,,-1.5,-1.5,-3.1,-0.2)
(2016,222,Richard Jefferson\jefferi01,SF,36,CLE,79,1614,8.3,.574,.542,.315,2.0,11.6,6.9,6.6,0.8,0.5,11.8,12.2,,1.3,0.8,2.1,.063,,-1.4,-1.0,-2.4,-0.2)
(2016,223,John Jenkins\jenkijo01,SG,25,PHO,4,13,17.3,.595,.400,.400,0.0,8.6,4.2,11.5,0.0,0.0,0.0,18.9,,0.0,0.0,0.0,.167,,1.4,-5.5,-4.1,0.0)
(2016,224,Brandon Jennings\jennibr01,PG,27,TOT,81,1802,12.1,.479,.471,.284,1.8,10.1,5.9,30.4,1.9,0.2,17.5,17.6,,0.7,1.0,1.7,.046,,-0.8,-2.2,-3.0,-0.5)
(2016,224,Brandon Jennings\jennibr01,PG,27,NYK,58,1428,12.7,.508,.466,.315,1.6,9.9,5.7,28.6,1.9,0.2,17.8,18.1,,0.8,0.7,1.5,.052,,-0.3,-2.2,-2.5,-0.2)
(2016,224,Brandon Jennings\jennibr01,PG,27,WAS,23,374,9.7,.357,.491,.160,2.4,10.8,6.6,37.2,2.0,0.0,16.2,15.8,,-0.1,0.3,0.2,.025,,-2.6,-2.1,-4.7,-0.3)
(2016,225,Jonas Jerebko\jerebjo01,PF,29,BOS,78,1232,9.3,.537,.496,.141,5.4,19.1,12.3,8.1,1.0,1.1,12.3,11.4,,0.8,1.3,2.1,.080,,-2.4,0.3,-2.1,0.0)
(2016,226,Amir Johnson\johnsam01,PF,29,BOS,80,1608,15.0,.628,.178,.270,8.3,17.0,12.7,13.0,1.6,3.2,15.7,13.6,,2.9,2.1,5.0,.149,,-0.2,2.4,2.2,1.7)
(2016,227,Brice Johnson\johnsbr02,PF,22,LAC,3,9,17.2,.286,.000,.000,12.8,24.2,18.6,18.6,11.1,9.1,12.5,39.8,,-0.1,0.0,0.0,-0.165,,-10.7,12.1,1.3,0.0)
(2016,228,James Johnson\johnsja01,PF,29,MIA,76,2085,17.0,.564,.333,.280,3.5,16.6,10.0,20.9,1.8,3.2,16.5,22.0,,1.9,3.2,5.1,.117,,0.5,2.3,2.8,2.5)
(2016,229,Joe Johnson\johnsjo02,SF,35,UTA,78,1843,12.8,.542,.412,.123,2.1,12.8,7.6,12.6,1.0,0.8,9.5,18.5,,1.7,2.1,3.8,.099,,-0.2,-0.1,-0.3,0.8)
(2016,230,Stanley Johnson\johnsst04,SF,20,DET,77,1371,7.2,.436,.422,.145,2.8,12.7,7.5,10.5,2.1,1.5,15.5,14.8,,-1.4,1.8,0.4,.012,,-3.8,1.8,-2.0,0.0)
(2016,231,Tyler Johnson\johnsty01,PG,24,MIA,73,2178,15.9,.535,.303,.308,2.5,12.5,7.4,16.6,1.9,1.6,8.8,20.9,,3.1,2.7,5.8,.128,,0.7,0.8,1.5,1.9)
(2016,232,Wesley Johnson\johnswe01,SF,29,LAC,68,810,8.4,.448,.590,.085,3.7,20.8,12.5,3.9,1.8,3.0,8.0,12.5,,-0.3,1.2,0.9,.051,,-3.4,1.6,-1.8,0.0)
(2016,233,Nikola Jokic\jokicni01,C,21,DEN,73,2038,26.3,.640,.163,.267,11.6,27.2,19.5,28.8,1.5,2.1,15.2,23.5,,7.7,2.0,9.7,.228,,6.2,2.2,8.4,5.3)
(2016,234,Dahntay Jones\jonesda02,SF,36,CLE,1,12,14.7,.461,.250,.500,9.5,8.9,9.2,14.5,0.0,0.0,9.3,39.9,,0.0,0.0,0.0,-0.030,,-3.8,-7.1,-10.9,0.0)
(2016,235,Damian Jones\jonesda03,C,21,GSW,10,85,5.3,.466,.000,.625,12.4,17.0,14.8,0.0,0.6,3.7,22.7,13.4,,-0.1,0.1,0.0,.018,,-7.5,-2.1,-9.6,-0.2)
(2016,236,Derrick Jones\jonesde02,SF,19,PHO,32,545,12.0,.604,.091,.339,7.6,8.2,7.9,3.1,1.2,1.9,8.6,11.7,,0.9,0.2,1.1,.098,,-0.5,-0.6,-1.1,0.1)
(2016,237,James Jones\jonesja02,SF,36,CLE,48,381,11.1,.655,.717,.217,0.9,9.5,5.4,5.2,0.8,2.1,9.0,13.0,,0.6,0.2,0.8,.102,,0.0,-1.6,-1.6,0.0)
(2016,238,Terrence Jones\joneste01,PF,25,TOT,54,1270,16.1,.515,.152,.346,5.4,20.2,12.7,7.5,1.5,3.5,7.8,21.4,,0.4,1.9,2.3,.086,,-2.7,1.3,-1.3,0.2)
(2016,238,Terrence Jones\joneste01,PF,25,NOP,51,1264,16.2,.518,.153,.348,5.4,20.0,12.6,7.5,1.5,3.4,7.8,21.4,,0.5,1.8,2.3,.088,,-2.6,1.3,-1.3,0.2)
(2016,238,Terrence Jones\joneste01,PF,25,MIL,3,6,1.5,.000,.000,.000,0.0,57.6,29.1,0.0,8.5,14.7,0.0,22.8,,-0.1,0.0,0.0,-0.312,,-26.7,6.6,-20.1,0.0)
(2016,239,Tyus Jones\jonesty01,PG,20,MIN,60,774,13.8,.523,.403,.238,1.5,8.7,5.0,28.0,3.1,0.6,16.0,13.6,,1.0,0.6,1.5,.096,,-0.4,-1.5,-1.8,0.0)
(2016,240,DeAndre Jordan\jordade01,C,28,LAC,81,2570,21.8,.673,.003,.737,13.3,34.6,24.2,5.7,1.0,4.3,13.1,15.3,,7.2,4.6,11.8,.221,,1.0,3.0,4.1,3.9)
(2016,241,Cory Joseph\josepco01,PG,25,TOR,80,2003,13.2,.518,.204,.185,2.9,10.4,6.6,20.0,1.7,0.6,13.1,18.4,,1.7,1.7,3.4,.082,,-0.4,-0.4,-0.8,0.6)
(2016,242,Frank Kaminsky\kaminfr01,C,23,CHO,75,1954,13.0,.502,.441,.195,3.2,15.8,9.5,13.5,1.2,1.5,8.0,21.8,,0.4,1.9,2.3,.056,,-0.8,-0.8,-1.5,0.2)
(2016,243,Enes Kanter\kanteen01,C,24,OKC,72,1533,23.7,.599,.052,.387,14.1,20.8,17.4,7.9,1.0,2.0,12.5,27.3,,4.0,1.8,5.8,.183,,0.6,-1.9,-1.2,0.3)
(2016,244,Ryan Kelly\kellyry01,PF,25,ATL,16,110,7.8,.408,.357,.214,1.0,16.7,9.0,10.2,1.8,3.9,11.5,13.7,,-0.1,0.2,0.1,.029,,-6.2,2.3,-3.9,-0.1)
