(2016,245,Michael Kidd-Gilchrist\kiddgmi01,SF,23,CHO,81,2349,14.3,.528,.015,.314,7.3,19.3,13.2,7.4,1.7,2.9,7.4,14.6,,2.7,3.1,5.8,.119,,-2.0,2.2,0.2,1.3)
(2016,246,Sean Kilpatrick\kilpase01,SG,27,BRK,70,1754,13.1,.546,.419,.329,1.3,15.4,8.4,14.6,1.2,0.3,13.8,23.8,,0.4,1.1,1.4,.040,,-1.2,-1.8,-3.0,-0.4)
(2016,247,Brandon Knight\knighbr03,SG,25,PHO,54,1140,12.4,.502,.265,.293,2.3,9.1,5.6,17.8,1.1,0.4,12.9,25.0,,0.1,0.2,0.3,.015,,-1.4,-3.0,-4.5,-0.7)
(2016,248,Kyle Korver\korveky01,SG,35,TOT,67,1753,12.1,.635,.697,.082,0.5,11.0,5.8,9.4,1.0,1.0,11.5,15.2,,2.3,1.3,3.7,.100,,0.8,-1.0,-0.2,0.8)
(2016,248,Kyle Korver\korveky01,SG,35,ATL,32,894,10.8,.591,.646,.110,0.0,10.8,5.5,12.6,1.3,1.2,13.4,14.5,,0.7,1.0,1.6,.088,,-0.5,0.1,-0.4,0.4)
(2016,248,Kyle Korver\korveky01,SG,35,CLE,35,859,13.5,.677,.743,.056,0.9,11.2,6.2,6.1,0.6,0.8,9.5,15.8,,1.6,0.4,2.0,.114,,2.2,-2.2,0.0,0.4)
(2016,249,Kosta Koufos\koufoko01,C,27,SAC,71,1419,13.8,.560,.003,.158,9.7,23.0,16.4,5.3,1.3,3.1,12.7,15.3,,1.2,1.4,2.6,.089,,-2.6,0.7,-1.9,0.0)
(2016,250,Mindaugas Kuzminskas\kuzmimi01,SF,27,NYK,68,1016,12.4,.533,.455,.184,5.0,8.4,6.7,10.3,1.4,0.9,11.3,19.2,,0.8,0.4,1.2,.055,,-0.2,-2.5,-2.7,-0.2)
(2016,251,Skal Labissiere\labissk01,PF,20,SAC,33,612,16.8,.577,.037,.339,9.7,20.7,15.3,7.5,1.3,1.9,12.9,21.3,,0.7,0.5,1.3,.099,,-1.7,-0.9,-2.6,-0.1)
(2016,252,Jeremy Lamb\lambje01,SG,24,CHO,62,1143,17.0,.550,.297,.263,2.9,22.6,12.7,11.3,1.2,1.8,6.8,23.2,,1.4,1.3,2.7,.115,,-0.8,-0.9,-1.7,0.1)
(2016,253,Nicolas Laprovittola\laproni01,PG,27,SAS,18,174,8.4,.579,.574,.191,0.7,5.7,3.3,23.0,1.2,0.5,27.2,18.2,,0.0,0.2,0.2,.044,,-2.5,-2.4,-4.9,-0.1)
(2016,254,Joffrey Lauvergne\lauvejo01,PF-C,25,TOT,70,980,12.6,.509,.292,.217,8.0,20.2,14.1,10.8,1.3,0.5,13.2,18.5,,0.4,1.1,1.5,.075,,-2.3,-0.9,-3.2,-0.3)
(2016,254,Joffrey Lauvergne\lauvejo01,PF,25,OKC,50,739,12.9,.531,.320,.238,7.6,19.8,13.7,10.3,1.2,0.6,12.9,17.8,,0.6,0.8,1.4,.091,,-1.9,-1.0,-2.9,-0.2)
(2016,254,Joffrey Lauvergne\lauvejo01,C,25,CHI,20,241,11.6,.451,.217,.163,9.3,21.2,15.2,12.2,1.5,0.0,14.0,20.7,,-0.2,0.3,0.1,.025,,-3.5,-0.6,-4.0,-0.1)
(2016,255,Zach LaVine\lavinza01,SG,21,MIN,47,1749,14.6,.576,.437,.197,1.2,9.5,5.3,12.6,1.2,0.5,9.9,21.7,,2.6,0.4,3.0,.082,,2.2,-2.4,-0.3,0.8)
(2016,256,Ty Lawson\lawsoty01,PG,29,SAC,69,1732,15.4,.551,.226,.416,3.0,8.9,6.0,29.9,2.2,0.3,17.3,19.5,,2.2,1.0,3.2,.088,,0.2,-1.5,-1.3,0.3)
(2016,257,Jake Layman\laymaja01,SF,22,POR,35,249,4.9,.404,.573,.191,2.7,8.0,5.3,6.2,1.8,1.0,10.2,19.0,,-0.4,0.1,-0.3,-0.054,,-4.7,-2.7,-7.4,-0.3)
(2016,258,Courtney Lee\leeco01,SG,31,NYK,77,2459,12.2,.559,.382,.139,2.3,9.0,5.7,10.6,1.6,0.8,8.5,14.4,,3.1,1.1,4.2,.081,,0.6,-0.7,-0.1,1.1)
(2016,259,David Lee\leeda02,PF,33,SAS,79,1477,18.5,.613,.000,.269,11.7,21.9,16.9,13.0,1.1,2.2,14.9,16.9,,3.2,2.5,5.7,.186,,0.7,2.5,3.2,1.9)
(2016,260,Alex Len\lenal01,C,23,PHO,77,1560,15.0,.553,.026,.449,10.6,25.3,17.8,4.2,1.2,5.1,15.5,17.6,,1.2,1.7,3.0,.091,,-3.0,1.3,-1.7,0.1)
(2016,261,Kawhi Leonard\leonaka01,SF,25,SAS,74,2474,27.6,.610,.295,.406,3.7,15.7,9.8,18.9,2.7,1.8,9.1,31.1,,8.9,4.7,13.6,.264,,6.4,1.5,7.9,6.2)
(2016,262,Meyers Leonard\leoname01,PF,24,POR,74,1222,8.9,.507,.563,.106,2.4,19.1,10.8,8.4,0.5,1.8,8.1,15.5,,0.5,0.8,1.4,.053,,-2.1,-1.3,-3.3,-0.4)
(2016,263,Jon Leuer\leuerjo01,PF,27,DET,75,1944,14.2,.551,.259,.175,5.5,17.5,11.3,8.6,0.8,1.1,8.7,17.3,,2.5,2.0,4.5,.112,,-0.4,0.5,0.1,1.0)
(2016,264,Caris LeVert\leverca01,SF,22,BRK,57,1237,12.3,.556,.484,.245,2.0,13.9,8.0,13.7,1.9,0.5,12.3,16.6,,0.8,1.0,1.8,.070,,-0.7,-0.4,-1.1,0.3)
(2016,265,DeAndre Liggins\liggide01,SG,28,TOT,62,777,7.5,.476,.324,.282,2.9,12.2,7.7,9.2,3.0,1.5,20.8,11.6,,-0.4,0.9,0.5,.031,,-3.9,1.8,-2.1,0.0)
(2016,265,DeAndre Liggins\liggide01,SG,28,CLE,61,752,7.2,.473,.331,.272,2.6,11.9,7.4,9.5,3.0,1.5,21.6,11.5,,-0.5,0.9,0.4,.025,,-4.0,2.0,-2.0,0.0)
(2016,265,DeAndre Liggins\liggide01,SG,28,DAL,1,25,17.6,.546,.167,.500,13.3,19.5,16.3,0.0,4.2,0.0,0.0,13.8,,0.1,0.0,0.1,.194,,-1.9,-2.0,-3.9,0.0)
(2016,266,Damian Lillard\lillada01,PG,26,POR,75,2694,24.1,.586,.389,.366,1.9,13.3,7.6,28.7,1.3,0.6,10.2,31.5,,8.8,1.5,10.4,.185,,6.4,-2.0,4.3,4.3)
(2016,267,Jeremy Lin\linje01,PG,28,BRK,36,883,19.2,.566,.390,.353,1.3,14.7,8.1,35.5,2.3,1.2,15.7,26.6,,1.3,0.8,2.1,.116,,2.5,-0.4,2.2,0.9)
(2016,268,Shaun Livingston\livinsh01,PG,31,GSW,76,1345,10.1,.568,.009,.190,2.4,9.4,6.2,13.5,1.4,1.2,15.3,13.0,,1.1,1.6,2.6,.093,,-2.5,0.5,-2.0,0.0)
(2016,269,Shawn Long\longsh01,C,24,PHI,18,234,24.1,.595,.174,.321,19.3,20.8,20.0,10.7,1.9,3.1,9.5,25.4,,0.6,0.3,0.9,.195,,3.4,0.0,3.4,0.3)
(2016,270,Kevon Looney\looneke01,C,20,GSW,53,447,13.6,.553,.084,.318,11.5,18.5,15.2,8.5,1.6,3.0,12.2,13.4,,0.7,0.8,1.4,.155,,-1.4,1.8,0.4,0.3)
(2016,271,Brook Lopez\lopezbr01,C,28,BRK,75,2222,20.4,.578,.330,.311,5.8,13.3,9.6,14.8,0.8,4.2,12.1,29.2,,3.1,1.8,4.9,.105,,1.9,-0.4,1.5,2.0)
(2016,272,Robin Lopez\lopezro01,C,28,CHI,81,2271,14.4,.511,.003,.134,11.5,13.2,12.3,5.6,0.4,4.1,10.0,17.5,,1.8,2.4,4.3,.090,,-1.9,1.0,-0.9,0.6)
(2016,273,Kevin Love\loveke01,PF,28,CLE,60,1885,21.1,.573,.449,.340,8.9,29.3,19.5,9.8,1.4,0.9,10.9,26.4,,4.0,2.4,6.4,.163,,1.7,-0.9,0.8,1.3)
(2016,274,Kyle Lowry\lowryky01,PG,30,TOR,60,2244,22.9,.623,.510,.398,2.4,12.0,7.2,29.9,2.0,0.7,13.8,24.9,,7.8,2.3,10.1,.216,,7.1,-0.5,6.6,4.9)
(2016,275,John Lucas III\lucasjo02,PG,34,MIN,5,11,9.1,.250,.250,.000,0.0,0.0,0.0,12.5,9.2,0.0,0.0,16.1,,0.0,0.0,0.0,-0.033,,-6.0,0.5,-5.6,0.0)
(2016,276,Timothe Luwawu-Cabarrot\luwawti01,SF,21,PHI,69,1190,8.5,.536,.446,.341,2.3,11.5,6.9,9.6,1.3,0.7,15.0,17.8,,0.0,0.8,0.8,.034,,-2.8,-1.2,-4.0,-0.6)
(2016,277,Trey Lyles\lylestr01,PF,21,UTA,71,1158,9.9,.464,.465,.180,4.9,18.1,11.7,9.5,1.2,1.4,11.9,21.7,,-0.9,1.6,0.8,.031,,-3.0,-0.1,-3.0,-0.3)
(2016,278,Sheldon Mac\mcclesh01,SG,24,WAS,30,287,10.1,.518,.400,.360,1.6,11.7,6.7,7.0,1.4,0.6,5.4,14.0,,0.3,0.2,0.5,.076,,-2.1,-1.4,-3.6,-0.1)
(2016,279,Shelvin Mack\macksh01,PG,26,UTA,55,1205,10.9,.518,.315,.202,2.0,9.8,6.0,20.4,1.8,0.2,17.8,19.6,,-0.1,1.5,1.4,.054,,-1.7,-0.1,-1.8,0.1)
(2016,280,Ian Mahinmi\mahinia01,C,30,WAS,31,555,14.1,.601,.000,.676,9.6,20.8,15.2,4.7,2.9,3.6,19.1,14.0,,0.5,0.9,1.4,.123,,-2.1,2.9,0.8,0.4)
(2016,281,Thon Maker\makerth01,C,19,MIL,57,562,14.0,.558,.409,.271,8.4,15.2,11.8,6.2,0.9,4.1,7.7,17.8,,0.8,0.5,1.3,.113,,-0.5,-1.0,-1.5,0.1)
(2016,282,Boban Marjanovic\marjabo01,C,28,DET,35,293,29.6,.606,.000,.439,16.5,32.5,24.2,5.3,1.0,3.4,6.0,25.3,,1.2,0.5,1.7,.280,,1.0,-0.9,0.1,0.2)
(2016,283,Jarell Martin\martija01,PF,22,MEM,42,558,8.7,.477,.166,.331,8.4,25.3,16.6,2.2,1.6,1.5,13.9,16.4,,-0.2,0.8,0.6,.054,,-5.8,-0.6,-6.4,-0.6)
(2016,284,Wesley Matthews\matthwe02,SG,30,DAL,73,2495,11.9,.533,.566,.211,0.8,11.8,6.0,13.6,1.6,0.5,9.9,19.4,,1.0,2.1,3.1,.060,,0.2,-0.1,0.1,1.3)
(2016,285,Luc Mbah a Moute\mbahalu01,SF,30,LAC,80,1787,10.2,.581,.291,.230,2.8,7.7,5.3,3.1,2.3,1.6,10.0,11.6,,1.3,1.8,3.1,.084,,-0.8,1.6,0.7,1.2)
(2016,286,James Michael McAdoo\mcadoja01,PF,24,GSW,52,457,13.1,.543,.068,.359,8.7,12.9,10.9,5.2,1.9,5.0,12.3,14.6,,0.3,0.8,1.1,.117,,-2.8,2.4,-0.4,0.2)
(2016,287,Patrick McCaw\mccawpa01,SG,21,GSW,71,1074,8.6,.540,.502,.151,2.3,7.6,5.1,9.0,1.4,1.1,12.1,11.9,,0.5,1.2,1.7,.077,,-1.6,-0.2,-1.8,0.1)
(2016,288,CJ McCollum\mccolcj01,SG,25,POR,80,2796,19.9,.585,.305,.204,2.4,9.1,5.7,18.0,1.3,1.2,9.9,27.5,,6.2,1.4,7.6,.131,,3.2,-2.3,1.0,2.1)
(2016,289,T.J. McConnell\mccontj01,PG,24,PHI,81,2133,13.7,.504,.107,.176,2.0,11.0,6.5,37.5,3.1,0.4,22.4,14.4,,1.4,2.4,3.8,.084,,-2.0,0.1,-1.9,0.0)
(2016,290,Chris McCullough\mcculch01,PF,21,TOT,16,80,15.2,.526,.219,.156,12.1,13.3,12.7,4.4,1.2,1.9,8.1,19.9,,0.1,0.1,0.1,.072,,-1.9,-2.6,-4.6,-0.1)
(2016,290,Chris McCullough\mcculch01,PF,21,BRK,14,72,16.8,.541,.194,.097,13.4,11.6,12.5,4.9,0.7,2.1,5.8,20.4,,0.1,0.0,0.1,.098,,-0.9,-3.0,-3.8,0.0)
(2016,290,Chris McCullough\mcculch01,PF,21,WAS,2,8,1.1,.266,1.000,2.000,0.0,28.1,14.1,0.0,6.2,0.0,34.7,15.7,,0.0,0.0,0.0,-0.162,,-11.8,0.3,-11.5,0.0)
(2016,291,K.J. McDaniels\mcdankj01,SF,23,TOT,49,505,11.5,.555,.391,.225,3.2,14.1,8.7,4.0,1.8,2.8,13.5,18.1,,0.0,0.5,0.5,.051,,-3.5,-0.6,-4.1,-0.3)
(2016,291,K.J. McDaniels\mcdankj01,SF,23,HOU,29,212,10.2,.552,.397,.147,3.1,12.4,7.7,2.7,1.6,3.0,12.1,16.4,,0.0,0.2,0.3,.058,,-3.7,-1.0,-4.7,-0.1)
(2016,291,K.J. McDaniels\mcdankj01,SF,23,BRK,20,293,12.5,.556,.386,.277,3.3,15.3,9.4,4.9,1.9,2.6,14.4,19.3,,0.0,0.3,0.3,.046,,-3.2,-0.4,-3.7,-0.1)
(2016,292,Doug McDermott\mcderdo01,SF,25,TOT,66,1508,10.7,.554,.419,.169,1.4,11.5,6.4,5.9,0.4,0.3,6.6,16.4,,1.6,1.0,2.6,.083,,-1.2,-2.3,-3.5,-0.6)
(2016,292,Doug McDermott\mcderdo01,SF,25,CHI,44,1078,11.3,.555,.402,.180,1.4,11.7,6.5,6.5,0.5,0.3,7.4,17.6,,1.1,0.8,1.9,.084,,-0.9,-2.0,-2.9,-0.2)
(2016,292,Doug McDermott\mcderdo01,SF,25,OKC,22,430,9.3,.551,.468,.137,1.5,11.1,6.3,4.4,0.2,0.2,4.4,13.6,,0.5,0.2,0.7,.080,,-2.1,-2.9,-4.9,-0.3)
(2016,293,JaVale McGee\mcgeeja01,C,29,GSW,77,739,25.2,.642,.009,.348,15.9,20.1,18.1,3.8,1.2,7.1,9.8,23.8,,2.0,1.5,3.5,.225,,0.2,0.5,0.8,0.5)
(2016,294,Rodney McGruder\mcgruro01,SG,25,MIA,78,1966,9.1,.506,.478,.154,5.2,9.2,7.2,8.8,1.2,0.7,10.2,12.3,,1.2,1.7,2.9,.072,,-0.8,0.5,-0.4,0.8)
(2016,295,Ben McLemore\mclembe01,SG,23,SAC,61,1176,9.8,.538,.406,.222,1.9,10.7,6.3,6.9,1.2,0.5,11.9,20.1,,-0.1,0.5,0.4,.015,,-2.2,-2.7,-4.9,-0.9)
(2016,296,Jordan McRae\mcraejo01,SG,25,CLE,37,384,9.7,.488,.340,.227,1.8,9.7,5.9,7.4,1.0,1.3,7.8,20.8,,-0.1,0.2,0.2,.020,,-3.7,-2.8,-6.5,-0.4)
(2016,297,Josh McRoberts\mcrobjo01,PF,29,MIA,22,381,9.8,.439,.263,.076,6.6,15.0,10.7,18.9,1.3,0.8,15.9,16.9,,-0.1,0.4,0.3,.036,,-2.9,0.6,-2.4,0.0)
(2016,298,Jodie Meeks\meeksjo01,SG,29,ORL,36,738,13.1,.567,.535,.289,0.7,10.9,5.7,9.3,2.3,0.4,11.1,19.4,,0.5,0.6,1.1,.073,,-0.4,-1.4,-1.8,0.0)
(2016,299,Salah Mejri\mejrisa01,C,30,DAL,73,905,14.8,.650,.022,.445,11.9,28.4,19.8,2.4,1.8,6.1,19.6,10.6,,1.3,1.7,3.0,.159,,-3.6,3.8,0.2,0.5)
(2016,300,Jordan Mickey\mickejo01,PF,22,BOS,25,141,9.8,.473,.029,.412,10.4,16.4,13.4,7.1,1.1,3.5,18.3,15.5,,-0.1,0.2,0.1,.036,,-5.7,0.9,-4.9,-0.1)
(2016,301,Khris Middleton\middlkh01,SF,25,MIL,29,889,15.0,.570,.312,.276,1.5,14.5,8.1,17.5,2.3,0.7,14.8,22.5,,0.7,0.9,1.6,.085,,0.0,-0.6,-0.5,0.3)
(2016,302,C.J. Miles\milescj01,SF,29,IND,76,1776,13.8,.592,.632,.144,1.9,12.4,7.2,4.1,1.3,1.2,5.5,18.4,,2.7,1.4,4.0,.109,,1.6,-2.1,-0.5,0.7)
(2016,303,Mike Miller\millemi01,SF,36,DEN,20,151,7.6,.586,.870,.087,1.5,26.1,13.9,18.3,0.6,0.0,35.2,10.4,,0.0,0.1,0.1,.018,,-3.2,-0.8,-4.1,-0.1)
(2016,304,Patty Mills\millspa02,PG,28,SAS,80,1754,15.2,.578,.572,.129,1.6,7.4,4.6,24.3,1.9,0.1,13.3,19.5,,2.9,2.2,5.1,.139,,2.5,-1.2,1.3,1.5)
(2016,305,Elijah Millsap\millsel01,SG,29,PHO,2,23,-3.4,.190,.286,.286,13.8,14.6,14.2,5.6,0.0,0.0,20.2,18.0,,-0.1,0.0,-0.1,-0.233,,-10.0,-3.3,-13.2,-0.1)
(2016,306,Paul Millsap\millspa01,PF,31,ATL,69,2343,17.8,.542,.248,.417,5.3,19.5,12.5,17.9,1.9,2.3,12.1,24.4,,2.6,3.8,6.4,.132,,0.5,2.1,2.7,2.7)
(2016,307,Nikola Mirotic\mirotni01,PF,25,CHI,70,1679,14.5,.546,.603,.205,3.9,20.9,12.3,6.9,1.6,2.6,10.5,19.8,,1.2,2.5,3.8,.107,,-0.1,0.4,0.4,1.0)
(2016,308,Greg Monroe\monrogr01,C,26,MIL,81,1823,21.1,.572,.006,.329,10.8,23.1,17.0,17.3,2.6,1.8,14.4,24.3,,3.0,2.6,5.6,.147,,0.5,1.5,2.0,1.9)
(2016,309,E'Twaun Moore\mooreet01,SG,27,NOP,73,1820,12.1,.537,.336,.120,1.9,6.9,4.4,13.8,1.3,1.4,8.7,17.4,,1.2,1.5,2.7,.070,,-0.9,-0.5,-1.3,0.3)
(2016,310,Marcus Morris\morrima03,SF,27,DET,79,2565,12.4,.508,.355,.184,3.2,12.8,7.8,9.4,1.0,0.8,7.4,20.3,,1.4,2.4,3.9,.072,,-0.3,-0.2,-0.5,1.0)
(2016,311,Markieff Morris\morrima02,PF,27,WAS,76,2374,13.7,.540,.220,.242,5.1,18.2,11.7,7.8,1.7,1.5,11.6,20.5,,1.6,2.5,4.1,.083,,-1.3,0.3,-1.0,0.6)
(2016,312,Anthony Morrow\morroan01,SG,31,TOT,49,714,10.1,.505,.528,.147,1.9,2.9,2.4,5.2,1.7,0.2,2.2,16.4,,0.7,0.5,1.2,.083,,-1.2,-3.1,-4.3,-0.4)
(2016,312,Anthony Morrow\morroan01,SG,31,OKC,40,627,9.2,.491,.534,.117,1.9,3.2,2.6,4.5,1.7,0.3,2.5,16.3,,0.4,0.4,0.9,.069,,-1.6,-2.9,-4.5,-0.4)
(2016,312,Anthony Morrow\morroan01,SG,31,CHI,9,87,16.0,.606,.483,.379,1.2,1.2,1.2,10.4,1.2,0.0,0.0,17.0,,0.3,0.0,0.3,.190,,2.0,-4.4,-2.4,0.0)
(2016,313,Donatas Motiejunas\motiedo01,PF,26,NOP,34,479,9.1,.470,.341,.355,5.7,16.6,11.1,9.7,1.8,1.9,16.3,17.6,,-0.5,0.6,0.2,.016,,-4.2,1.1,-3.1,-0.1)
(2016,314,Timofey Mozgov\mozgoti01,C,30,LAL,54,1104,12.3,.553,.003,.238,9.9,16.4,13.1,5.9,0.7,2.3,16.6,16.8,,0.7,0.4,1.1,.048,,-2.8,-0.8,-3.6,-0.4)
(2016,315,Emmanuel Mudiay\mudiaem01,PG,20,DEN,55,1406,10.9,.483,.323,.303,2.3,11.6,7.0,21.8,1.4,0.7,16.5,22.6,,-0.4,0.5,0.2,.006,,-2.0,-1.7,-3.7,-0.6)
(2016,316,Shabazz Muhammad\muhamsh01,SF,24,MIN,78,1516,14.9,.566,.242,.318,6.4,10.6,8.5,3.7,0.7,0.3,7.6,21.5,,2.5,0.2,2.7,.086,,-0.2,-4.3,-4.4,-0.9)
(2016,317,Dejounte Murray\murrade01,PG,20,SAS,38,322,9.6,.503,.198,.259,2.2,12.4,7.4,22.6,1.3,1.5,22.7,23.5,,-0.4,0.5,0.0,.004,,-4.6,-0.2,-4.8,-0.2)
(2016,318,Jamal Murray\murraja01,SG,19,DEN,82,1764,11.9,.518,.471,.164,2.6,10.7,6.7,14.0,1.4,1.1,12.6,21.6,,0.6,0.7,1.3,.037,,-0.5,-2.1,-2.6,-0.3)
(2016,319,Mike Muscala\muscami01,C,25,ATL,70,1237,14.4,.596,.326,.190,6.9,14.4,10.7,11.9,1.2,2.8,13.1,14.8,,1.8,1.6,3.4,.132,,-0.4,1.5,1.1,1.0)
(2016,320,Larry Nance\nancela02,PF,24,LAL,63,1442,15.7,.567,.100,.222,8.8,19.6,14.0,9.7,2.8,2.2,12.4,13.4,,2.1,1.5,3.5,.118,,-0.3,2.2,1.9,1.4)
(2016,321,Shabazz Napier\napiesh01,PG,25,POR,53,512,13.6,.533,.503,.268,1.7,11.5,6.6,19.5,3.1,0.3,16.7,21.2,,0.1,0.5,0.6,.060,,-0.9,-1.3,-2.2,0.0)
(2016,322,Maurice Ndour\ndourma01,PF,24,NYK,32,331,11.3,.503,.081,.302,7.1,13.7,10.4,3.5,2.3,2.0,11.0,14.3,,0.1,0.3,0.4,.059,,-3.5,-0.3,-3.8,-0.1)
(2016,323,Gary Neal\nealga01,SG,32,ATL,2,18,-4.3,.228,.286,.571,0.0,6.0,3.1,7.1,0.0,0.0,0.0,21.2,,-0.1,0.0,-0.1,-0.189,,-11.8,-4.9,-16.6,-0.1)
(2016,324,Jameer Nelson\nelsoja01,PG,34,DEN,75,2045,11.5,.544,.452,.104,1.5,8.8,5.2,26.0,1.3,0.3,16.8,15.8,,2.3,0.5,2.8,.066,,0.4,-2.3,-2.0,0.0)
(2016,325,Raul Neto\netora01,PG,24,UTA,40,346,10.7,.527,.341,.099,1.4,8.4,5.0,15.1,3.2,1.2,13.6,14.8,,0.2,0.6,0.7,.100,,-1.7,1.4,-0.3,0.1)
(2016,326,Georges Niang\niangge01,PF,23,IND,23,93,0.1,.285,.333,.056,2.4,17.9,10.3,7.5,1.6,0.0,11.9,20.2,,-0.4,0.1,-0.3,-0.168,,-9.9,-2.2,-12.0,-0.2)
(2016,327,Andrew Nicholson\nichoan01,PF,27,TOT,38,342,5.9,.427,.243,.126,4.9,14.6,9.8,4.1,2.3,1.5,12.7,17.0,,-0.5,0.4,-0.1,-0.019,,-5.9,-0.5,-6.4,-0.4)
(2016,327,Andrew Nicholson\nichoan01,PF,27,WAS,28,231,6.3,.425,.208,.156,5.4,11.2,8.3,4.2,2.3,2.2,11.8,17.6,,-0.3,0.3,-0.1,-0.014,,-5.5,-0.3,-5.7,-0.2)
(2016,327,Andrew Nicholson\nichoan01,PF,27,BRK,10,111,5.0,.430,.324,.059,3.9,21.7,12.9,4.0,2.1,0.0,14.7,15.8,,-0.2,0.1,-0.1,-0.030,,-6.8,-1.0,-7.8,-0.2)
(2016,328,Joakim Noah\noahjo01,C,31,NYK,46,1015,15.2,.491,.005,.386,17.1,25.6,21.4,14.1,1.5,3.0,19.7,12.6,,1.0,1.2,2.2,.106,,-0.7,2.8,2.1,1.1)
(2016,329,Nerlens Noel\noelne01,C,22,TOT,51,1047,20.4,.622,.003,.359,9.8,22.3,15.9,8.1,3.1,4.0,12.5,17.6,,2.1,1.9,4.0,.181,,-0.5,3.7,3.2,1.4)
(2016,329,Nerlens Noel\noelne01,C,22,PHI,29,564,20.8,.634,.006,.360,9.0,19.2,14.1,9.0,3.7,3.7,12.5,17.8,,1.1,1.0,2.2,.184,,0.2,3.7,3.9,0.8)
(2016,329,Nerlens Noel\noelne01,C,22,DAL,22,483,19.8,.606,.000,.358,10.8,26.0,18.0,7.0,2.4,4.5,12.4,17.3,,0.9,0.9,1.8,.178,,-1.3,3.8,2.5,0.5)
(2016,330,Lucas Nogueira\noguelu01,C,24,TOR,57,1088,15.5,.682,.077,.429,8.5,16.8,12.7,5.4,2.4,7.1,19.9,9.5,,1.7,2.0,3.7,.164,,-0.1,5.6,5.4,2.0)
(2016,331,Steve Novak\novakst01,PF,33,MIL,8,22,1.3,.357,.857,.000,0.0,15.7,7.9,0.0,0.0,0.0,0.0,14.5,,0.0,0.0,0.0,-0.075,,-6.9,-6.7,-13.6,-0.1)
(2016,332,Dirk Nowitzki\nowitdi01,PF,38,DAL,54,1424,17.0,.529,.308,.165,1.8,28.3,14.4,10.6,1.1,2.4,6.6,25.8,,0.6,1.9,2.5,.084,,-1.6,0.3,-1.3,0.2)
(2016,333,Jusuf Nurkic\nurkiju01,C,22,TOT,65,1391,17.5,.528,.002,.393,12.3,24.8,18.6,13.9,1.8,4.2,18.6,23.9,,0.2,1.8,2.0,.068,,-2.3,2.2,-0.2,0.6)
(2016,333,Jusuf Nurkic\nurkiju01,C,22,DEN,45,807,15.0,.515,.000,.379,12.3,23.2,17.8,11.1,1.5,3.5,18.9,22.6,,-0.2,0.8,0.6,.034,,-3.2,1.0,-2.3,-0.1)
(2016,333,Jusuf Nurkic\nurkiju01,C,22,POR,20,584,21.1,.545,.004,.411,12.3,27.1,19.7,17.7,2.1,5.2,18.2,25.7,,0.4,1.0,1.4,.116,,-1.1,3.8,2.7,0.7)
(2016,334,David Nwaba\nwabada01,SG,24,LAL,20,397,12.2,.611,.062,.481,4.5,13.1,8.7,5.0,1.6,1.4,10.1,11.8,,0.6,0.2,0.8,.091,,-1.7,-0.3,-1.9,0.0)
(2016,335,Johnny O'Bryant\obryajo01,PF,23,TOT,11,80,14.9,.582,.200,.200,12.4,13.7,13.1,12.7,0.0,1.0,15.5,21.1,,0.1,0.0,0.1,.088,,-0.2,-3.1,-3.3,0.0)
(2016,335,Johnny O'Bryant\obryajo01,PF,23,DEN,7,46,14.4,.597,.200,.267,12.1,14.3,13.2,6.2,0.0,1.7,15.2,18.3,,0.1,0.0,0.1,.096,,-0.8,-3.2,-4.0,0.0)
(2016,335,Johnny O'Bryant\obryajo01,PF,23,CHO,4,34,15.5,.567,.200,.133,12.9,13.0,12.9,21.6,0.0,0.0,15.9,25.0,,0.0,0.0,0.1,.078,,0.7,-3.1,-2.3,0.0)
(2016,336,Kyle O'Quinn\oquinky01,C,26,NYK,79,1229,20.5,.552,.041,.201,13.7,24.8,19.2,14.8,1.5,6.9,14.5,18.5,,2.1,1.8,3.9,.151,,-0.1,3.7,3.5,1.7)
(2016,337,Daniel Ochefu\ochefda01,C,23,WAS,19,75,6.6,.430,.000,.074,7.6,25.4,16.5,5.8,1.3,0.0,9.7,18.0,,-0.1,0.1,0.0,.005,,-6.5,-1.9,-8.4,-0.1)
(2016,338,Jahlil Okafor\okafoja01,C,21,PHI,50,1134,14.8,.546,.000,.335,7.8,15.5,11.7,9.0,0.9,3.4,14.4,24.1,,0.1,1.1,1.2,.050,,-3.4,0.1,-3.3,-0.4)
(2016,339,Victor Oladipo\oladivi01,SG,24,OKC,67,2222,13.6,.534,.378,.165,1.9,12.6,7.2,12.5,1.7,0.8,10.6,21.4,,1.7,2.3,4.0,.085,,-0.4,-0.9,-1.3,0.4)
(2016,340,Kelly Olynyk\olynyke01,C,25,BOS,75,1538,15.3,.603,.378,.242,5.3,20.7,13.1,15.2,1.4,1.5,14.6,19.0,,2.2,1.9,4.1,.127,,0.1,0.5,0.7,1.0)
(2016,341,Arinze Onuaku\onuakar01,C,29,ORL,8,28,5.8,.500,.000,.000,7.6,16.0,11.7,9.9,0.0,2.9,33.3,9.4,,0.0,0.0,0.0,-0.005,,-6.5,0.7,-5.9,0.0)
(2016,342,Chinanu Onuaku\onuakch01,C,20,HOU,5,52,12.3,.799,.000,.571,4.2,16.8,10.5,7.8,2.8,1.6,31.3,10.4,,0.1,0.1,0.1,.123,,-2.4,1.8,-0.6,0.0)
(2016,343,Kelly Oubre\oubreke01,SF,21,WAS,79,1605,9.1,.516,.425,.224,4.3,14.0,9.2,4.0,1.8,0.9,9.3,14.6,,0.6,1.5,2.0,.061,,-1.8,-0.5,-2.3,-0.1)
(2016,344,Zaza Pachulia\pachuza01,C,32,GSW,70,1268,16.1,.588,.007,.410,12.9,22.0,17.7,13.6,2.2,2.0,19.4,15.3,,2.3,2.5,4.7,.178,,-0.3,3.0,2.7,1.5)
(2016,345,Georgios Papagiannis\papagge01,C,19,SAC,22,355,12.7,.573,.020,.137,7.9,20.0,14.0,9.0,0.4,4.4,18.2,16.9,,0.1,0.3,0.4,.057,,-3.5,0.8,-2.7,-0.1)
(2016,346,Jabari Parker\parkeja01,PF,21,MIL,51,1728,19.1,.563,.219,.268,5.4,15.7,10.6,14.3,1.5,1.1,9.3,26.5,,2.6,1.5,4.0,.112,,1.5,-1.3,0.2,1.0)
(2016,347,Tony Parker\parketo01,PG,34,SAS,63,1587,13.0,.514,.121,.206,0.7,7.3,4.0,27.8,1.1,0.1,12.5,20.2,,1.4,1.7,3.0,.092,,-1.2,-1.7,-3.0,-0.4)
(2016,348,Chandler Parsons\parsoch01,SF,28,MEM,34,675,7.7,.436,.419,.194,1.0,13.6,7.1,12.8,1.5,0.7,9.1,17.8,,-0.5,0.7,0.2,.015,,-3.6,-0.5,-4.1,-0.3)
(2016,349,Lamar Patterson\pattela01,SG,25,ATL,5,40,-1.9,.276,.400,.200,2.8,16.3,9.6,21.1,1.2,0.0,19.7,22.2,,-0.2,0.0,-0.1,-0.176,,-9.9,-1.2,-11.2,-0.1)
(2016,350,Patrick Patterson\pattepa01,PF,27,TOR,65,1599,10.8,.542,.659,.156,4.4,16.3,10.4,6.6,1.3,1.2,8.5,12.5,,1.7,1.6,3.3,.100,,0.5,0.4,0.9,1.2)
(2016,351,Chris Paul\paulch01,PG,31,LAC,61,1921,26.2,.614,.385,.331,2.4,15.0,8.9,46.8,3.1,0.3,14.0,24.4,,7.9,2.6,10.6,.264,,7.8,1.1,8.8,5.3)
(2016,352,Adreian Payne\paynead01,PF,25,MIN,18,135,14.4,.505,.278,.352,7.7,21.0,14.3,8.0,3.0,4.4,11.4,23.1,,0.0,0.2,0.2,.086,,-2.2,0.7,-1.5,0.0)
(2016,353,Cameron Payne\payneca01,PG,22,TOT,31,462,5.5,.407,.446,.041,0.7,10.7,5.7,17.7,1.5,0.7,12.9,20.9,,-0.8,0.4,-0.3,-0.035,,-4.8,-2.2,-7.0,-0.6)
(2016,353,Cameron Payne\payneca01,PG,22,OKC,20,320,6.1,.402,.400,.031,0.7,10.1,5.4,18.3,1.5,1.0,10.8,19.6,,-0.4,0.3,-0.1,-0.012,,-4.7,-2.0,-6.8,-0.4)
(2016,353,Cameron Payne\payneca01,PG,22,CHI,11,142,4.0,.417,.540,.063,0.8,12.2,6.5,16.2,1.4,0.0,16.7,23.9,,-0.4,0.1,-0.3,-0.086,,-5.0,-2.5,-7.5,-0.2)
(2016,354,Elfrid Payton\paytoel01,PG,22,ORL,82,2412,17.2,.520,.160,.231,3.9,13.9,8.7,35.7,1.8,1.3,15.0,21.6,,2.4,2.0,4.4,.088,,0.7,0.2,0.9,1.7)
(2016,355,Gary Payton\paytoga02,PG,24,MIL,6,99,4.5,.413,.409,.227,0.0,14.0,7.1,18.1,1.5,3.6,29.2,15.8,,-0.3,0.1,-0.2,-0.074,,-7.3,0.6,-6.7,-0.1)
(2016,356,Paul Pierce\piercpa01,SF,39,LAC,25,277,5.7,.535,.614,.186,0.4,18.5,9.7,5.0,0.7,1.5,17.4,14.8,,-0.2,0.3,0.1,.015,,-3.9,-0.5,-4.4,-0.2)
(2016,357,Marshall Plumlee\plumlma02,C,24,NYK,21,170,10.9,.521,.000,.633,14.5,17.8,16.2,8.1,1.2,1.9,23.8,12.8,,0.0,0.1,0.2,.048,,-2.9,0.1,-2.8,0.0)
(2016,358,Mason Plumlee\plumlma01,C,26,TOT,81,2148,18.1,.558,.010,.482,8.8,22.4,15.6,19.8,1.6,3.4,15.1,18.1,,3.6,2.4,6.0,.135,,0.0,2.6,2.7,2.5)
(2016,358,Mason Plumlee\plumlma01,C,26,POR,54,1516,18.9,.552,.011,.507,8.7,22.9,15.8,21.4,1.6,3.3,14.0,18.3,,2.8,1.8,4.6,.147,,0.3,2.8,3.1,2.0)
(2016,358,Mason Plumlee\plumlma01,C,26,DEN,27,632,16.3,.571,.006,.420,8.8,21.3,15.1,15.9,1.5,3.6,17.7,17.5,,0.8,0.6,1.4,.107,,-0.7,2.2,1.5,0.6)
(2016,359,Miles Plumlee\plumlmi01,C,28,TOT,45,484,8.4,.518,.000,.424,9.0,13.3,11.1,6.1,1.9,2.4,21.6,13.1,,-0.1,0.5,0.5,.045,,-4.4,0.7,-3.6,-0.2)
(2016,359,Miles Plumlee\plumlmi01,C,28,MIL,32,310,8.0,.492,.000,.515,8.7,11.1,10.0,8.2,1.8,2.6,20.9,15.5,,-0.2,0.3,0.1,.021,,-4.6,0.4,-4.2,-0.2)
(2016,359,Miles Plumlee\plumlmi01,C,28,CHO,13,174,9.0,.602,.000,.167,9.4,17.2,13.3,2.5,2.0,2.0,23.7,8.7,,0.1,0.2,0.3,.087,,-3.9,1.3,-2.5,0.0)
(2016,360,Jakob Poeltl\poeltja01,C,21,TOR,54,626,12.2,.589,.000,.496,14.1,15.7,14.9,2.7,1.4,2.8,17.2,12.1,,0.9,0.7,1.6,.125,,-1.2,0.5,-0.7,0.2)
(2016,361,Otto Porter\porteot01,SF,23,WAS,80,2605,17.3,.628,.425,.148,5.1,17.1,11.1,6.7,2.2,1.3,4.9,15.1,,6.4,3.0,9.4,.173,,3.0,0.9,3.9,3.9)
(2016,362,Bobby Portis\portibo01,PF,21,CHI,64,1000,14.9,.545,.256,.157,8.0,24.0,16.0,5.7,0.8,0.9,8.4,19.1,,1.1,1.2,2.4,.114,,-1.6,-1.5,-3.0,-0.3)
(2016,363,Kristaps Porzingis\porzikr01,PF,21,NYK,66,2164,17.4,.546,.319,.256,5.5,18.2,11.8,7.3,1.1,4.9,9.7,24.3,,2.4,2.1,4.5,.100,,0.2,0.0,0.2,1.2)
(2016,364,Dwight Powell\poweldw01,C,25,DAL,77,1333,17.6,.588,.196,.374,7.7,19.5,13.3,6.1,2.4,2.6,7.2,16.7,,2.7,1.9,4.6,.165,,-0.5,1.9,1.4,1.2)
(2016,365,Norman Powell\powelno01,SG,23,TOR,76,1368,14.0,.552,.342,.314,2.2,11.8,7.0,9.3,1.9,0.9,10.8,21.1,,1.4,1.4,2.8,.097,,-0.4,-1.1,-1.5,0.2)
(2016,366,Alex Poythress\poythal01,PF,23,PHI,6,157,13.2,.548,.352,.185,7.7,12.7,10.2,5.1,0.9,1.0,4.9,16.9,,0.2,0.1,0.3,.099,,-0.6,-1.9,-2.5,0.0)
(2016,367,Ronnie Price\pricero01,PG,33,PHO,14,134,5.9,.272,.708,.167,2.4,6.7,4.5,16.9,3.9,0.6,10.4,9.0,,-0.1,0.1,0.0,.002,,-3.2,0.8,-2.4,0.0)
(2016,368,Tim Quarterman\quartti01,SG,22,POR,16,80,10.2,.511,.448,.103,5.5,13.9,9.7,21.1,1.2,3.0,26.6,22.8,,-0.1,0.1,-0.1,-0.044,,-4.0,-0.8,-4.8,-0.1)
(2016,369,Chasson Randle\randlch01,PG,23,TOT,26,299,13.6,.586,.480,.439,2.2,9.4,5.8,16.8,1.5,0.5,14.0,19.7,,0.5,0.1,0.7,.106,,0.3,-2.9,-2.6,0.0)
(2016,369,Chasson Randle\randlch01,PG,23,PHI,8,74,17.7,.671,.577,.462,0.0,7.5,3.7,13.2,2.0,1.1,8.8,20.1,,0.2,0.1,0.3,.197,,2.6,-2.7,-0.1,0.0)
(2016,369,Chasson Randle\randlch01,PG,23,NYK,18,225,12.3,.555,.444,.431,2.9,10.1,6.5,18.0,1.3,0.4,15.7,19.6,,0.3,0.1,0.4,.075,,-0.5,-3.0,-3.4,-0.1)
(2016,370,Julius Randle\randlju01,PF,22,LAL,74,2132,16.3,.543,.082,.365,7.4,25.8,16.3,19.3,1.1,1.4,16.2,21.4,,2.0,1.5,3.5,.080,,-0.8,0.7,0.0,1.1)
(2016,371,Zach Randolph\randoza01,PF,35,MEM,73,1786,18.5,.490,.098,.200,11.3,27.4,19.2,13.5,1.1,0.5,8.6,29.2,,0.8,2.4,3.2,.086,,-1.4,-0.7,-2.1,0.0)
(2016,372,J.J. Redick\redicjj01,SG,32,LAC,78,2198,14.8,.599,.526,.227,0.6,7.9,4.4,7.8,1.2,0.5,9.1,22.0,,3.3,1.5,4.8,.105,,2.0,-2.1,-0.1,1.1)
(2016,373,Willie Reed\reedwi02,C,26,MIA,71,1031,17.1,.578,.014,.309,13.7,22.0,17.8,3.9,0.9,3.6,8.7,15.3,,2.1,1.5,3.6,.168,,-1.3,0.7,-0.6,0.4)
(2016,374,Josh Richardson\richajo01,SG,23,MIA,53,1614,10.7,.493,.442,.150,2.4,9.2,5.8,12.7,1.9,1.9,10.6,16.8,,0.3,1.9,2.2,.066,,-1.0,1.1,0.2,0.9)
(2016,375,Malachi Richardson\richama01,SG,21,SAC,22,198,9.6,.517,.412,.279,1.8,11.5,6.7,8.7,1.3,0.5,9.5,19.3,,0.0,0.1,0.1,.028,,-2.5,-3.0,-5.5,-0.2)
(2016,376,Austin Rivers\riverau01,SG,24,LAC,74,2054,11.4,.545,.409,.261,1.1,7.5,4.4,15.0,1.2,0.4,12.4,20.3,,1.2,1.3,2.5,.059,,-0.1,-1.5,-1.6,0.2)
(2016,377,Andre Roberson\roberan03,SF,25,OKC,79,2376,9.6,.510,.397,.240,4.6,14.2,9.4,4.6,1.9,2.7,9.1,10.1,,1.1,3.1,4.2,.085,,-2.1,2.1,0.0,1.2)
(2016,378,Brian Roberts\roberbr01,PG,31,CHO,41,416,9.8,.510,.361,.320,1.3,9.0,5.2,18.7,1.1,0.2,15.7,17.9,,0.0,0.3,0.2,.028,,-3.3,-2.6,-5.9,-0.4)
(2016,379,Glenn Robinson\robingl02,SF,23,IND,69,1427,11.5,.564,.370,.225,4.5,14.7,9.7,4.7,1.4,1.2,9.1,12.8,,1.3,1.2,2.5,.085,,-1.2,-0.2,-1.3,0.2)
(2016,380,Thomas Robinson\robinth01,PF,25,LAL,48,560,17.3,.535,.005,.337,15.8,28.1,21.8,8.8,2.3,1.3,17.0,20.7,,0.3,0.6,0.9,.079,,-2.2,-0.1,-2.3,0.0)
(2016,381,Sergio Rodriguez\rodrise01,PG,30,PHI,68,1518,11.1,.484,.470,.050,1.5,9.9,5.7,35.4,1.6,0.2,18.9,19.3,,-0.3,1.0,0.7,.023,,-1.6,-2.3,-3.8,-0.7)
(2016,382,Rajon Rondo\rondora01,PG,30,CHI,69,1843,13.6,.461,.237,.089,4.2,16.6,10.4,37.0,2.7,0.5,22.5,17.8,,-0.4,2.7,2.3,.060,,-1.3,1.6,0.3,1.1)
(2016,383,Derrick Rose\rosede01,PG,28,NYK,64,2082,17.0,.530,.061,.259,3.4,9.3,6.4,22.8,1.1,0.7,11.9,25.7,,2.4,0.6,3.0,.068,,0.2,-2.2,-1.9,0.0)
(2016,384,Terrence Ross\rosste01,SF,25,TOT,78,1955,13.4,.550,.524,.103,1.0,10.8,5.9,7.1,2.2,1.4,8.0,19.3,,1.5,2.0,3.5,.086,,0.4,-0.6,-0.3,0.9)
(2016,384,Terrence Ross\rosste01,SF,25,TOR,54,1207,14.9,.558,.534,.104,1.3,11.6,6.5,5.9,2.2,1.4,6.2,19.8,,1.6,1.3,2.9,.116,,1.2,-0.9,0.3,0.7)
(2016,384,Terrence Ross\rosste01,SF,25,ORL,24,748,11.1,.536,.506,.101,0.6,9.6,5.0,9.0,2.3,1.4,11.2,18.5,,0.0,0.6,0.6,.037,,-1.0,-0.2,-1.2,0.1)
(2016,385,Terry Rozier\roziete01,PG,22,BOS,74,1263,10.9,.466,.436,.161,3.6,16.3,10.0,15.2,1.8,0.7,9.7,17.1,,0.0,1.4,1.4,.054,,-2.5,0.0,-2.5,-0.2)
(2016,386,Ricky Rubio\rubiori01,PG,26,MIN,75,2469,16.8,.539,.302,.438,3.2,11.4,7.2,38.9,2.6,0.3,20.1,17.4,,4.5,1.7,6.1,.119,,1.7,-0.9,0.8,1.7)
(2016,387,Damjan Rudez\rudezda01,SF,30,ORL,45,314,6.3,.466,.727,.000,1.7,7.1,4.3,9.2,1.9,0.3,9.3,13.6,,-0.1,0.2,0.1,.008,,-2.8,-1.9,-4.6,-0.2)
(2016,388,Brandon Rush\rushbr01,SG,31,MIN,47,1030,6.6,.505,.610,.096,1.8,9.5,5.6,5.8,1.1,1.9,12.6,9.6,,0.1,0.3,0.4,.019,,-2.0,-0.1,-2.1,0.0)
(2016,389,D'Angelo Russell\russeda01,PG,20,LAL,63,1811,15.3,.518,.443,.217,1.8,11.9,6.7,26.8,2.3,0.7,15.6,26.6,,0.3,1.0,1.3,.033,,1.1,-1.6,-0.5,0.7)
(2016,390,Domantas Sabonis\sabondo01,PF,20,OKC,81,1632,6.9,.469,.331,.139,3.1,16.4,9.8,7.2,1.2,1.6,14.0,15.4,,-1.0,1.8,0.8,.022,,-4.7,-0.1,-4.8,-1.2)
(2016,391,Larry Sanders\sandela01,C,28,CLE,5,13,6.5,.410,.000,.500,26.3,8.2,17.0,0.0,3.8,6.2,29.1,23.6,,0.0,0.0,0.0,-0.029,,-8.7,-0.9,-9.6,0.0)
(2016,392,Dario Saric\saricda01,PF,22,PHI,81,2129,12.8,.508,.368,.237,5.8,20.8,13.3,14.3,1.3,1.1,15.2,24.6,,-1.2,2.2,1.0,.023,,-2.0,-0.2,-2.2,-0.1)
(2016,393,Tomas Satoransky\satorto01,SG,25,WAS,57,719,8.5,.477,.252,.224,3.9,9.1,6.5,16.7,1.8,0.7,19.0,12.1,,0.1,0.5,0.6,.040,,-2.9,-0.2,-3.1,-0.2)
(2016,394,Dennis Schroder\schrode01,PG,23,ATL,79,2485,16.1,.533,.242,.210,1.9,9.0,5.5,35.5,1.5,0.6,16.3,27.8,,1.2,2.5,3.7,.071,,0.7,-1.4,-0.7,0.8)
(2016,395,Luis Scola\scolalu01,PF,36,BRK,36,461,13.9,.550,.331,.245,11.9,19.9,16.0,12.7,1.4,0.7,16.9,18.7,,0.4,0.4,0.8,.082,,-0.8,-0.4,-1.1,0.1)
(2016,396,Mike Scott\scottmi01,PF,28,ATL,18,195,5.9,.360,.458,.136,5.7,15.0,10.4,12.5,1.0,1.3,11.3,15.8,,-0.3,0.2,-0.1,-0.014,,-5.3,-0.1,-5.3,-0.2)
(2016,397,Thabo Sefolosha\sefolth01,SF,32,ATL,62,1596,11.9,.519,.304,.190,3.8,14.7,9.3,9.9,3.0,1.7,11.9,13.3,,0.6,2.7,3.3,.098,,-1.9,3.1,1.2,1.3)
(2016,398,Wayne Selden\seldewa01,SG,22,TOT,14,236,6.9,.525,.483,.379,0.5,7.2,3.8,8.5,1.3,0.4,15.1,15.3,,-0.1,0.2,0.1,.016,,-3.4,-1.6,-5.0,-0.2)
(2016,398,Wayne Selden\seldewa01,SG,22,NOP,3,47,10.0,.820,.875,.500,0.0,11.3,5.6,3.0,2.1,0.0,23.5,12.0,,0.0,0.0,0.1,.089,,-0.5,-0.7,-1.2,0.0)
(2016,398,Wayne Selden\seldewa01,SG,22,MEM,11,189,6.2,.475,.420,.360,0.6,6.2,3.3,9.9,1.1,0.5,13.4,16.1,,-0.1,0.1,0.0,-0.002,,-4.1,-1.9,-6.0,-0.2)
(2016,399,Kevin Seraphin\serapke01,PF,27,IND,49,559,14.4,.559,.010,.111,8.3,20.0,14.3,6.7,0.6,3.1,12.3,19.0,,0.4,0.6,1.0,.082,,-3.1,-0.5,-3.6,-0.2)
(2016,400,Ramon Sessions\sessira01,PG,30,CHO,50,811,12.4,.495,.236,.449,1.5,8.5,4.9,24.2,1.7,0.3,12.7,20.1,,0.3,0.6,0.9,.055,,-2.4,-2.2,-4.6,-0.5)
(2016,401,Iman Shumpert\shumpim01,SG,26,CLE,76,1937,9.0,.536,.534,.184,2.3,9.9,6.2,7.8,1.6,1.1,12.9,14.0,,0.7,1.4,2.0,.050,,-1.3,0.0,-1.3,0.3)
(2016,402,Pascal Siakam\siakapa01,PF,22,TOR,55,859,11.5,.523,.034,.156,8.4,15.9,12.2,2.9,1.5,4.5,13.1,13.1,,0.4,1.2,1.6,.089,,-3.0,1.9,-1.1,0.2)
(2016,403,Jonathon Simmons\simmojo02,SG,27,SAS,78,1392,9.9,.504,.242,.314,1.7,11.1,6.5,13.2,1.7,1.5,13.7,18.0,,-0.1,2.1,2.0,.068,,-2.8,0.9,-1.9,0.0)
(2016,404,Kyle Singler\singlky01,SF,28,OKC,32,385,5.9,.486,.446,.205,2.3,11.5,6.9,3.2,0.9,1.0,10.8,11.2,,0.0,0.3,0.3,.034,,-4.6,-1.3,-5.9,-0.4)
(2016,405,Marcus Smart\smartma01,SG,22,BOS,79,2399,12.0,.486,.443,.334,3.7,10.4,7.1,22.0,2.6,1.2,15.6,18.8,,0.5,2.7,3.2,.064,,-1.1,0.9,-0.3,1.0)
(2016,406,Ish Smith\smithis01,PG,28,DET,81,1955,14.7,.477,.140,.136,1.1,12.4,6.6,32.5,1.6,1.4,12.4,20.5,,0.9,2.2,3.1,.076,,-1.2,0.4,-0.8,0.6)
(2016,407,J.R. Smith\smithjr01,SG,31,CLE,41,1187,8.1,.484,.761,.042,1.6,8.6,5.2,7.3,1.7,0.7,6.7,14.6,,0.1,0.8,0.8,.034,,-0.5,-0.7,-1.3,0.2)
(2016,408,Jason Smith\smithja02,C,30,WAS,74,1068,13.6,.598,.237,.155,6.8,20.4,13.6,5.0,1.0,4.2,14.2,16.7,,1.0,1.3,2.3,.103,,-2.0,0.6,-1.4,0.2)
(2016,409,Tony Snell\snellto01,SG,25,MIL,80,2336,9.7,.603,.656,.107,1.1,11.1,6.2,5.9,1.2,0.5,8.8,12.1,,2.1,1.3,3.4,.071,,0.2,-1.1,-0.8,0.7)
(2016,410,Marreese Speights\speigma01,C,29,LAC,82,1286,17.5,.584,.505,.250,7.9,24.1,16.2,8.0,0.9,2.6,10.2,23.6,,2.5,1.7,4.2,.155,,1.5,-0.8,0.7,0.9)
(2016,411,Tiago Splitter\splitti01,C,32,PHI,8,76,15.0,.544,.194,.355,11.6,20.3,15.9,8.9,0.6,1.0,14.3,23.9,,0.1,0.1,0.1,.072,,-2.6,-2.5,-5.0,-0.1)
(2016,412,Nik Stauskas\stausni01,SG,23,PHI,80,2188,9.0,.540,.566,.237,1.1,10.3,5.7,12.9,1.0,1.2,15.5,16.4,,0.1,1.4,1.4,.031,,-1.7,-0.7,-2.4,-0.2)
(2016,413,Lance Stephenson\stephla01,SG,26,TOT,18,361,9.6,.485,.167,.108,1.2,14.8,8.0,24.8,0.7,0.7,17.1,18.7,,-0.2,0.2,0.1,.008,,-3.9,-1.5,-5.4,-0.3)
(2016,413,Lance Stephenson\stephla01,SG,26,NOP,6,162,10.3,.496,.182,.145,1.9,9.8,5.9,27.7,0.6,0.5,15.8,19.0,,0.0,0.1,0.1,.027,,-3.0,-1.9,-4.8,-0.1)
(2016,413,Lance Stephenson\stephla01,SG,26,MIN,6,67,6.6,.480,.095,.095,0.0,17.7,8.7,11.2,0.0,0.0,15.5,17.1,,-0.1,0.0,-0.1,-0.045,,-6.1,-3.1,-9.2,-0.1)
(2016,413,Lance Stephenson\stephla01,SG,26,IND,6,132,10.3,.474,.182,.068,0.9,19.3,10.2,28.1,1.1,1.3,19.5,19.1,,-0.1,0.1,0.0,.012,,-4.0,-0.2,-4.2,-0.1)
(2016,414,Jarnell Stokes\stokeja01,C,23,DEN,2,7,31.5,.798,.000,2.000,15.9,15.6,15.8,40.1,7.0,0.0,0.0,11.4,,0.1,0.0,0.1,.480,,11.8,3.6,15.4,0.0)
(2016,415,Diamond Stone\stonedi01,C,19,LAC,7,24,-1.2,.339,.000,.308,4.8,22.7,14.0,0.0,0.0,3.4,11.9,31.3,,-0.1,0.0,-0.1,-0.211,,-17.3,-6.8,-24.1,-0.1)
(2016,416,Rodney Stuckey\stuckro01,PG,30,IND,39,696,9.5,.483,.246,.439,1.0,12.4,6.8,17.7,1.2,0.0,15.4,22.2,,-0.5,0.4,-0.1,-0.006,,-3.8,-2.2,-6.0,-0.7)
(2016,417,Jared Sullinger\sullija01,PF,24,TOR,11,118,6.0,.366,.383,.170,9.6,16.3,12.9,3.7,1.7,0.7,7.3,20.7,,-0.2,0.1,-0.1,-0.031,,-4.9,-2.5,-7.5,-0.2)
(2016,418,Edy Tavares\tavarwa01,C,24,TOT,2,28,21.3,.633,.000,.600,16.3,26.8,21.6,5.1,0.0,17.3,24.0,13.2,,0.0,0.1,0.1,.150,,-3.8,7.7,3.9,0.0)
(2016,418,Edy Tavares\tavarwa01,C,24,ATL,1,4,13.1,.532,.000,2.000,0.0,27.1,13.7,0.0,0.0,0.0,0.0,20.5,,0.0,0.0,0.0,-0.047,,-8.1,-7.0,-15.1,0.0)
(2016,418,Edy Tavares\tavarwa01,C,24,CLE,1,24,22.6,.676,.000,.250,19.0,26.7,23.0,6.0,0.0,20.2,31.1,12.0,,0.0,0.1,0.1,.183,,-3.1,10.1,7.0,0.1)
(2016,419,Isaiah Taylor\taylois01,PG,22,HOU,4,52,0.3,.190,.286,.286,2.1,4.2,3.1,7.1,0.9,1.6,0.0,6.4,,-0.1,0.0,0.0,-0.028,,-6.4,-0.1,-6.5,-0.1)
(2016,420,Jeff Teague\teaguje01,PG,28,IND,82,2657,19.2,.574,.277,.457,1.4,12.4,7.0,36.4,1.9,1.1,16.5,22.1,,5.7,2.4,8.1,.146,,2.4,-0.5,1.9,2.6)
(2016,421,Mirza Teletovic\teletmi01,PF,31,MIL,70,1133,8.8,.515,.730,.108,1.1,15.4,8.3,6.4,0.5,1.0,7.8,19.1,,-0.1,0.7,0.6,.025,,-1.5,-3.4,-4.9,-0.8)
(2016,422,Garrett Temple\templga01,SG,30,SAC,65,1728,11.2,.545,.509,.171,2.2,10.1,6.2,14.4,2.5,1.5,14.4,14.2,,0.9,1.3,2.2,.061,,-0.3,0.6,0.3,1.0)
(2016,423,Jason Terry\terryja01,SG,39,MIL,74,1365,9.1,.600,.704,.119,1.3,7.7,4.5,9.9,1.7,1.3,12.3,9.8,,1.2,0.9,2.1,.075,,-0.5,-0.6,-1.1,0.3)
(2016,424,Isaiah Thomas\thomais02,PG,27,BOS,76,2569,26.5,.625,.439,.441,1.9,7.0,4.4,32.5,1.4,0.4,10.7,34.0,,10.9,1.6,12.5,.234,,8.7,-3.3,5.4,4.8)
(2016,425,Lance Thomas\thomala01,PF,28,NYK,46,968,8.4,.516,.348,.209,3.5,12.3,7.9,5.0,1.1,0.4,8.6,13.1,,0.6,0.4,0.9,.046,,-2.1,-1.6,-3.7,-0.4)
(2016,426,Hollis Thompson\thompho01,SG,25,TOT,40,752,7.9,.482,.475,.145,2.8,13.5,8.1,6.8,1.3,0.6,4.9,13.0,,0.1,0.6,0.7,.047,,-2.8,-0.5,-3.3,-0.2)
(2016,426,Hollis Thompson\thompho01,SG,25,PHI,31,561,9.0,.510,.447,.126,2.9,13.6,8.2,7.0,1.2,0.8,5.1,13.7,,0.3,0.4,0.7,.060,,-2.3,-0.8,-3.0,-0.1)
(2016,426,Hollis Thompson\thompho01,SG,25,NOP,9,191,4.7,.378,.585,.220,2.2,13.3,7.7,6.3,1.5,0.0,4.3,10.9,,-0.2,0.2,0.0,.007,,-4.3,0.2,-4.1,-0.1)
(2016,427,Klay Thompson\thompkl01,SG,26,GSW,78,2649,17.4,.592,.470,.158,2.2,9.2,5.9,9.3,1.2,1.2,8.0,26.1,,4.2,2.9,7.1,.129,,2.4,-2.1,0.3,1.5)
(2016,428,Tristan Thompson\thomptr01,C,25,CLE,78,2336,15.3,.594,.007,.487,13.9,19.6,16.9,4.6,0.8,2.9,10.8,11.3,,5.0,2.3,7.3,.149,,0.0,1.5,1.5,2.0)
(2016,429,Marcus Thornton\thornma01,SG,29,WAS,33,575,10.4,.494,.381,.129,4.3,10.5,7.5,10.1,1.6,0.4,10.1,18.7,,0.1,0.4,0.5,.042,,-1.6,-1.5,-3.2,-0.2)
(2016,430,Mike Tobey\tobeymi01,C,22,CHO,2,25,-0.1,.250,.000,.000,8.7,4.4,6.6,5.4,0.0,0.0,20.0,9.0,,0.0,0.0,0.0,-0.070,,-7.4,-1.5,-8.9,0.0)
(2016,431,Anthony Tolliver\tollian01,PF,31,SAC,65,1477,11.1,.595,.655,.234,4.0,14.4,9.3,7.7,1.2,1.2,12.6,13.6,,1.5,0.8,2.3,.075,,0.2,-0.7,-0.4,0.6)
(2016,432,Axel Toupane\toupaax01,SF,24,TOT,4,47,6.2,.611,.444,.000,0.0,2.3,1.1,0.0,1.0,1.7,0.0,8.5,,0.0,0.0,0.1,.061,,-2.8,-1.0,-3.8,0.0)
(2016,432,Axel Toupane\toupaax01,SF,24,MIL,2,6,-9.9,.000,1.000,.000,0.0,0.0,0.0,0.0,0.0,0.0,0.0,7.6,,0.0,0.0,0.0,-0.191,,-9.2,-3.5,-12.7,0.0)
(2016,432,Axel Toupane\toupaax01,SF,24,NOP,2,41,8.6,.688,.375,.000,0.0,2.6,1.3,0.0,1.2,2.0,0.0,8.6,,0.1,0.0,0.1,.098,,-1.9,-0.6,-2.5,0.0)
(2016,433,Karl-Anthony Towns\townska01,C,21,MIN,82,3030,25.9,.618,.186,.289,11.2,27.8,19.4,13.2,0.9,2.9,11.3,27.5,,9.9,2.8,12.7,.201,,4.7,0.2,4.9,5.3)
(2016,434,P.J. Tucker\tuckepj01,SF,31,TOT,81,2236,10.5,.516,.407,.193,5.6,17.7,11.6,6.0,2.5,0.7,11.2,11.2,,1.4,2.2,3.6,.078,,-0.7,1.6,0.9,1.6)
(2016,434,P.J. Tucker\tuckepj01,SF,31,PHO,57,1627,10.6,.517,.384,.218,6.1,17.0,11.4,6.1,2.5,0.7,11.8,11.3,,1.0,1.3,2.4,.069,,-0.7,1.5,0.8,1.2)
(2016,434,P.J. Tucker\tuckepj01,SF,31,TOR,24,609,10.4,.515,.469,.125,4.3,19.6,12.0,5.9,2.6,0.7,9.4,10.9,,0.4,0.9,1.3,.099,,-0.7,1.9,1.1,0.5)
(2016,435,Evan Turner\turneev01,SF,28,POR,65,1658,11.4,.491,.214,.187,2.4,14.2,8.3,18.4,1.6,1.2,14.3,18.5,,0.0,1.2,1.2,.035,,-2.5,-0.1,-2.6,-0.3)
(2016,436,Myles Turner\turnemy01,C,20,IND,81,2541,18.5,.585,.132,.349,6.2,19.6,13.0,6.6,1.5,5.9,9.5,19.5,,4.3,3.7,8.0,.151,,-0.3,2.6,2.4,2.8)
(2016,437,Beno Udrih\udrihbe01,PG,34,DET,39,560,16.2,.535,.162,.173,1.1,10.3,5.6,35.4,1.2,0.0,14.5,19.6,,0.8,0.5,1.3,.113,,-0.5,-2.1,-2.5,-0.1)
(2016,438,Tyler Ulis\ulisty01,PG,21,PHO,61,1123,13.0,.474,.181,.162,1.9,7.5,4.6,30.5,2.0,0.4,14.1,20.3,,0.3,0.4,0.7,.029,,-1.5,-2.5,-4.0,-0.6)
(2016,439,Jarrod Uthoff\uthofja01,PF,23,DAL,9,115,13.9,.487,.237,.184,7.7,14.9,11.1,12.8,0.9,3.1,6.8,18.1,,0.1,0.1,0.2,.083,,-2.1,0.7,-1.4,0.0)
(2016,440,Jonas Valanciunas\valanjo01,C,24,TOR,80,2066,20.1,.601,.003,.309,12.4,29.1,20.8,4.4,0.9,2.6,11.7,19.5,,4.9,3.0,7.9,.183,,-0.5,-0.1,-0.6,0.7)
(2016,441,Denzel Valentine\valende01,SG,23,CHI,57,976,7.3,.492,.722,.063,1.2,15.6,8.3,9.3,1.5,0.6,14.2,15.4,,-0.5,1.1,0.6,.031,,-2.4,-0.3,-2.7,-0.2)
(2016,442,Fred VanVleet\vanvlfr01,PG,22,TOR,37,294,10.5,.443,.261,.198,1.5,14.6,8.1,17.5,2.8,0.9,11.1,20.6,,-0.1,0.4,0.2,.040,,-3.2,0.0,-3.2,-0.1)
(2016,443,Anderson Varejao\varejan01,C,34,GSW,14,92,9.4,.478,.000,.786,15.3,16.8,16.1,13.0,1.6,2.6,29.8,12.6,,0.0,0.1,0.2,.097,,-3.2,2.5,-0.6,0.0)
(2016,444,Greivis Vasquez\vasqugr01,PG,30,BRK,3,39,4.1,.376,.375,.375,0.0,5.4,2.7,17.5,1.2,1.9,9.7,11.3,,0.0,0.0,0.0,-0.006,,-5.7,-1.8,-7.5,-0.1)
(2016,445,Rashad Vaughn\vaughra01,SG,20,MIL,41,458,7.8,.449,.519,.032,1.0,11.3,6.2,7.4,2.1,1.9,8.1,17.2,,-0.5,0.4,0.0,-0.005,,-3.7,-1.2,-4.9,-0.3)
(2016,446,Noah Vonleh\vonleno01,PF,21,POR,74,1265,10.8,.525,.074,.348,11.4,22.5,17.0,3.4,1.2,1.7,17.1,13.1,,0.6,1.2,1.8,.069,,-3.5,-0.3,-3.9,-0.6)
(2016,447,Nikola Vucevic\vucevni01,C,26,ORL,75,2163,19.1,.498,.073,.155,8.6,31.3,19.6,16.9,1.7,2.8,9.6,24.8,,0.8,3.1,4.0,.088,,-1.4,2.3,0.9,1.6)
(2016,448,Sasha Vujacic\vujacsa01,SG,32,NYK,42,408,8.6,.423,.544,.176,3.2,12.4,7.8,17.9,1.6,0.4,9.8,17.3,,-0.1,0.2,0.1,.014,,-2.1,-2.2,-4.3,-0.2)
(2016,449,Dwyane Wade\wadedw01,SG,35,CHI,60,1792,18.5,.508,.152,.294,3.8,12.6,8.1,22.3,2.4,1.8,11.3,29.6,,0.9,2.5,3.4,.090,,0.4,0.6,1.0,1.3)
(2016,450,Dion Waiters\waitedi01,SG,25,MIA,46,1384,14.5,.507,.324,.192,1.4,10.9,6.1,23.8,1.5,1.1,12.5,26.3,,0.2,1.5,1.6,.057,,-0.1,-0.8,-0.9,0.4)
(2016,451,Kemba Walker\walkeke02,PG,26,CHO,79,2739,21.3,.569,.415,.248,1.8,10.6,6.2,29.1,1.6,0.7,9.5,29.2,,5.9,2.2,8.1,.142,,5.3,-1.7,3.6,3.9)
(2016,452,John Wall\walljo01,PG,26,WAS,78,2836,23.2,.541,.190,.367,2.4,10.6,6.5,46.9,2.7,1.4,16.2,30.6,,5.8,3.0,8.8,.149,,3.8,0.2,4.1,4.3)
(2016,453,Taurean Waller-Prince\princta02,SF,22,ATL,59,981,9.8,.513,.358,.330,2.8,14.6,8.8,8.4,2.2,2.4,15.7,17.2,,-0.4,1.5,1.1,.054,,-3.8,1.5,-2.3,-0.1)
(2016,454,T.J. Warren\warretj01,SF,23,PHO,66,2048,15.6,.539,.120,.189,6.5,11.7,9.0,5.8,1.8,1.5,6.1,19.2,,3.0,1.1,4.1,.096,,0.2,-0.5,-0.3,0.9)
(2016,455,C.J. Watson\watsocj01,PG,32,ORL,62,1012,9.3,.507,.423,.266,1.7,8.1,4.8,16.1,2.1,0.2,14.5,14.1,,0.2,0.6,0.9,.041,,-2.5,-1.1,-3.6,-0.4)
(2016,456,Briante Weber\weberbr01,PG,24,TOT,20,205,11.0,.462,.167,.267,4.3,9.6,7.0,15.0,2.9,0.4,10.7,16.3,,0.0,0.2,0.3,.059,,-3.2,0.0,-3.2,-0.1)
(2016,456,Briante Weber\weberbr01,PG,24,GSW,7,46,5.9,.392,.214,.214,0.0,9.0,4.8,13.9,3.1,1.7,16.4,17.2,,-0.1,0.1,0.0,-0.018,,-6.9,0.7,-6.2,0.0)
(2016,456,Briante Weber\weberbr01,PG,24,CHO,13,159,12.5,.483,.152,.283,5.5,9.7,7.6,15.4,2.8,0.0,8.8,16.1,,0.1,0.2,0.3,.081,,-2.1,-0.2,-2.3,0.0)
(2016,457,David West\westda01,C,36,GSW,68,854,16.6,.571,.032,.222,6.5,18.8,13.0,24.1,2.4,4.4,22.0,17.9,,0.9,1.7,2.6,.148,,-1.7,3.9,2.2,0.9)
(2016,458,Russell Westbrook\westbru01,PG,28,OKC,81,2802,30.6,.554,.300,.433,5.4,28.8,17.1,57.3,2.3,0.9,15.9,41.7,,8.5,4.6,13.1,.224,,10.9,4.7,15.6,12.4)
(2016,459,Okaro White\whiteok01,PF,24,MIA,35,471,7.5,.507,.391,.253,5.8,13.5,9.6,6.0,1.1,1.7,15.7,10.8,,0.1,0.5,0.6,.066,,-3.1,1.0,-2.1,0.0)
(2016,460,Isaiah Whitehead\whiteis01,PG,21,BRK,73,1643,7.6,.487,.293,.222,2.1,9.7,5.9,17.7,1.2,1.7,20.3,18.2,,-1.7,0.9,-0.8,-0.023,,-4.3,-0.6,-4.9,-1.2)
(2016,461,Hassan Whiteside\whiteha01,C,27,MIA,77,2513,22.6,.579,.000,.368,12.8,35.3,24.0,3.8,1.1,5.0,12.0,22.7,,4.2,5.3,9.5,.181,,-2.0,1.5,-0.5,0.9)
(2016,462,Andrew Wiggins\wiggian01,SF,21,MIN,82,3048,16.5,.534,.184,.345,3.8,8.8,6.3,10.6,1.4,0.8,9.4,29.0,,3.3,0.9,4.2,.066,,0.2,-2.9,-2.7,-0.6)
(2016,463,C.J. Wilcox\wilcocj01,SG,26,ORL,22,108,2.9,.329,.484,.065,3.9,8.3,6.1,15.5,0.9,0.7,15.8,15.4,,-0.2,0.0,-0.2,-0.090,,-6.5,-2.1,-8.6,-0.2)
(2016,464,Alan Williams\willial03,C,24,PHO,47,708,19.5,.547,.004,.419,14.0,31.2,22.4,5.2,1.8,3.7,10.5,20.9,,1.1,0.9,2.1,.142,,-1.8,0.1,-1.7,0.1)
(2016,465,Deron Williams\willide01,PG,32,TOT,64,1657,14.0,.541,.390,.182,0.9,9.4,5.1,35.9,1.0,0.4,17.6,22.1,,1.5,0.9,2.4,.069,,0.2,-2.4,-2.3,-0.1)
(2016,465,Deron Williams\willide01,PG,32,DAL,40,1171,15.0,.533,.400,.185,1.2,9.3,5.1,40.1,1.1,0.2,16.7,23.7,,1.1,0.7,1.8,.073,,1.0,-2.4,-1.4,0.2)
(2016,465,Deron Williams\willide01,PG,32,CLE,24,486,11.4,.566,.361,.170,0.2,9.7,5.1,25.9,0.6,1.0,20.2,18.1,,0.4,0.2,0.6,.059,,-1.9,-2.6,-4.5,-0.3)
(2016,466,Derrick Williams\willide02,PF,25,TOT,50,804,10.6,.537,.398,.365,2.6,15.1,8.9,5.1,0.9,0.7,9.0,17.2,,0.4,0.6,1.1,.064,,-2.4,-1.8,-4.2,-0.4)
(2016,466,Derrick Williams\willide02,PF,25,MIA,25,377,10.1,.465,.328,.365,4.7,16.9,10.7,5.6,1.2,1.0,8.1,20.4,,-0.1,0.4,0.3,.038,,-3.8,-1.4,-5.2,-0.3)
(2016,466,Derrick Williams\willide02,PF,25,CLE,25,427,11.1,.628,.486,.364,0.8,13.5,7.4,4.7,0.6,0.4,10.1,14.4,,0.6,0.2,0.8,.086,,-1.1,-2.1,-3.2,-0.1)
(2016,467,Lou Williams\willilo02,SG,30,TOT,81,1994,21.4,.593,.447,.458,1.4,9.9,5.5,19.9,1.9,0.8,11.8,29.1,,5.1,1.0,6.1,.148,,3.7,-3.0,0.8,1.4)
(2016,467,Lou Williams\willilo02,SG,30,LAL,58,1403,23.9,.609,.432,.469,1.1,9.5,5.1,22.3,2.3,0.6,11.9,30.6,,4.3,0.6,4.9,.169,,5.4,-3.2,2.2,1.5)
(2016,467,Lou Williams\willilo02,SG,30,HOU,23,591,15.4,.547,.489,.428,2.2,10.7,6.5,14.3,1.2,1.2,11.3,25.3,,0.8,0.4,1.2,.096,,-0.1,-2.5,-2.6,-0.1)
(2016,468,Marvin Williams\willima02,PF,30,CHO,76,2295,13.7,.551,.503,.213,4.2,19.8,12.0,7.1,1.3,2.0,7.2,16.3,,2.4,2.6,5.0,.105,,-0.3,0.5,0.2,1.3)
(2016,469,Reggie Williams\willire02,SF,30,NOP,6,79,11.7,.518,.478,.304,2.7,5.4,4.0,7.2,1.9,0.0,0.0,14.6,,0.1,0.1,0.2,.098,,-0.8,-1.6,-2.4,0.0)
(2016,470,Troy Williams\willitr02,SF,22,TOT,30,557,9.0,.511,.371,.192,3.0,11.2,7.0,7.0,2.5,1.7,15.0,17.1,,-0.3,0.7,0.4,.032,,-3.3,0.6,-2.7,-0.1)
(2016,470,Troy Williams\willitr02,SF,22,MEM,24,418,7.8,.474,.333,.203,1.6,11.0,6.2,7.2,3.0,2.1,16.3,17.4,,-0.6,0.6,0.0,.004,,-4.6,1.5,-3.0,-0.1)
(2016,470,Troy Williams\willitr02,SF,22,HOU,6,139,12.8,.616,.477,.159,7.1,11.8,9.4,6.4,1.0,0.6,11.3,16.2,,0.2,0.1,0.3,.116,,0.4,-2.1,-1.7,0.0)
(2016,471,Kyle Wiltjer\wiltjky01,PF,24,HOU,14,44,6.7,.437,.929,.143,9.9,14.9,12.4,6.1,3.3,1.8,25.2,19.1,,-0.1,0.1,0.0,-0.039,,-4.0,0.0,-4.0,0.0)
(2016,472,Justise Winslow\winslju01,SF,20,MIA,18,625,8.2,.399,.156,.209,4.0,12.7,8.3,15.5,2.1,0.8,11.8,19.8,,-0.9,0.8,-0.1,-0.009,,-4.0,1.2,-2.8,-0.1)
(2016,473,Jeff Withey\witheje01,C,26,UTA,51,432,18.8,.588,.010,.466,14.3,17.9,16.2,2.5,1.9,6.0,10.1,14.9,,1.0,0.9,1.8,.205,,-1.2,2.7,1.6,0.4)
(2016,474,Christian Wood\woodch01,PF,21,CHO,13,107,15.1,.591,.217,.652,14.3,15.5,14.9,2.8,1.4,4.9,19.1,15.4,,0.1,0.1,0.3,.125,,-2.5,0.6,-2.0,0.0)
(2016,475,Metta World Peace\artesro01,SF,37,LAL,25,160,6.5,.380,.559,.235,3.3,10.6,6.8,9.8,3.0,1.0,8.5,21.9,,-0.3,0.1,-0.2,-0.061,,-4.1,-2.1,-6.2,-0.2)
(2016,476,Brandan Wright\wrighbr03,PF,29,MEM,28,447,18.5,.628,.007,.259,7.7,12.4,10.0,6.0,1.3,4.3,6.2,16.3,,1.1,0.5,1.6,.177,,0.0,1.3,1.3,0.4)
(2016,477,Delon Wright\wrighde01,PG,24,TOR,27,446,15.0,.535,.259,.474,4.1,8.1,6.1,18.2,3.1,2.1,15.1,16.6,,0.5,0.6,1.1,.117,,-0.1,1.2,1.1,0.4)
(2016,478,James Young\youngja01,SG,21,BOS,29,220,10.0,.549,.603,.155,3.1,10.0,6.6,2.6,2.3,0.7,6.1,13.3,,0.1,0.2,0.3,.076,,-2.0,-1.1,-3.1,-0.1)
(2016,479,Joe Young\youngjo01,PG,24,IND,33,135,11.4,.433,.319,.208,0.8,13.1,7.1,18.0,1.5,0.0,6.0,27.8,,-0.2,0.1,-0.1,-0.022,,-3.5,-3.8,-7.3,-0.2)
(2016,480,Nick Young\youngni01,SG,31,LAL,60,1556,14.1,.588,.665,.142,1.7,8.2,4.8,5.8,1.2,0.7,5.1,19.5,,3.0,0.2,3.2,.098,,2.7,-3.4,-0.7,0.5)
(2016,481,Thaddeus Young\youngth01,PF,28,IND,74,2237,14.9,.562,.172,.125,6.7,15.7,11.2,8.4,2.5,1.1,11.6,16.4,,2.0,2.7,4.6,.100,,0.0,1.4,1.4,1.9)
(2016,482,Cody Zeller\zelleco01,C,24,CHO,62,1725,16.7,.604,.002,.442,8.6,17.3,12.9,9.1,1.8,3.0,10.9,15.5,,3.4,2.2,5.6,.157,,-0.2,2.3,2.1,1.8)
(2016,483,Tyler Zeller\zellety01,C,27,BOS,51,525,13.0,.508,.006,.247,9.2,17.0,13.2,12.2,0.7,3.3,10.2,16.5,,0.5,0.6,1.0,.094,,-3.3,0.8,-2.5,-0.1)
(2016,484,Stephen Zimmerman\zimmest01,C,20,ORL,19,108,7.3,.346,.000,.161,10.8,24.9,17.6,5.3,0.9,3.7,8.3,14.8,,-0.1,0.1,0.0,-0.005,,-7.8,0.4,-7.3,-0.1)
(2016,485,Paul Zipser\zipsepa01,SF,22,CHI,44,843,6.9,.503,.448,.181,1.9,14.2,8.0,6.1,0.9,1.5,14.4,14.4,,-0.3,0.8,0.5,.030,,-3.6,-0.1,-3.7,-0.4)
(2016,486,Ivica Zubac\zubaciv01,C,19,LAL,38,609,17.0,.547,.013,.206,7.1,21.9,14.3,8.1,1.1,4.4,10.4,20.3,,0.6,0.5,1.1,.086,,-2.7,0.3,-2.5,-0.1)
